﻿체결시각,체결가,전일비,매도,매수,거래량,변동량
15:58,347000,16,347000,0,421089,54
15:56,347000,16,347000,0,421035,38
15:55,347000,16,347000,0,420997,5
15:54,347000,16,347000,0,420992,11
15:52,347000,16,347000,0,420981,29
15:51,347000,16,347000,0,420952,8
15:50,347000,16,347000,0,420944,4
15:49,347000,16,347000,0,420940,32
15:48,347000,16,347000,0,420908,8
15:47,347000,16,347000,0,420900,7
15:46,347000,16,347000,0,420893,2
15:45,347000,16,0,0,420891,5
15:44,347000,16,347000,0,420886,41
15:43,347000,16,347000,0,420845,41
15:42,347000,16,347000,0,420804,5
15:41,347000,16,347000,0,420799,80
15:40,347000,16,347000,0,420719,380
15:30,347000,16,347500,347000,420339,20341
15:19,347500,17,348000,347000,399998,3244
15:18,348000,17,348000,347500,396754,3146
15:17,347000,16,347500,347000,393608,1988
15:16,347500,17,347500,347000,391620,2824
15:15,347000,16,347000,346500,388796,680
15:14,347000,16,347000,346500,388116,3131
15:13,346500,16,347000,346500,384985,721
15:12,347000,16,347000,346500,384264,2617
15:11,347000,16,347500,347000,381647,616
15:10,347000,16,347500,347000,381031,2184
15:09,347000,16,347000,346500,378847,355
15:08,346500,16,347000,346500,378492,1404
15:07,346000,15,346500,346000,377088,1012
15:06,346000,15,346500,346000,376076,1616
15:05,346500,16,346500,346000,374460,863
15:04,346500,16,346500,346000,373597,335
15:03,346000,15,346500,346000,373262,373
15:02,346500,16,346500,346000,372889,412
15:01,346000,15,346500,346000,372477,459
15:00,346000,15,346500,346000,372018,3040
14:59,346000,15,346500,346000,368978,721
14:58,346500,16,346500,346000,368257,717
14:57,346500,16,346500,346000,367540,428
14:56,346500,16,347000,346000,367112,997
14:55,346500,16,346500,346000,366115,701
14:54,346500,16,346500,346000,365414,1047
14:53,346500,16,347000,346500,364367,882
14:52,346500,16,347000,346500,363485,1516
14:51,347000,16,347000,346500,361969,589
14:50,347000,16,347000,346500,361380,392
14:49,347000,16,347000,346500,360988,3361
14:48,347500,17,347500,347000,357627,948
14:47,347000,16,347500,347000,356679,783
14:46,347500,17,347500,347000,355896,586
14:45,347500,17,347500,347000,355310,2824
14:44,347500,17,348000,347500,352486,1340
14:43,347500,17,347500,347000,351146,1172
14:42,347500,17,347500,347000,349974,916
14:41,347500,17,347500,347000,349058,1451
14:40,347500,17,347500,347000,347607,1822
14:39,347000,16,347000,346500,345785,1080
14:38,347000,16,347000,346500,344705,540
14:37,347000,16,347000,346500,344165,829
14:36,347000,16,347000,346500,343336,1503
14:35,347000,16,347000,346500,341833,1326
14:34,347000,16,347000,346500,340507,882
14:33,347000,16,347000,346500,339625,898
14:32,346500,16,347000,346500,338727,996
14:31,346500,16,346500,346000,337731,1603
14:30,346500,16,346500,346000,336128,787
14:29,346500,16,346500,346000,335341,628
14:28,346500,16,346500,346000,334713,739
14:27,346500,16,346500,346000,333974,769
14:26,346500,16,346500,346000,333205,2352
14:25,346500,16,346500,346000,330853,1272
14:24,346500,16,346500,346000,329581,2808
14:23,346000,15,346000,345500,326773,1808
14:22,346000,15,346000,345500,324965,588
14:21,346000,15,346000,345500,324377,701
14:20,346000,15,346000,345500,323676,2929
14:19,345500,15,345500,345000,320747,1065
14:18,345000,14,345500,345000,319682,504
14:17,345500,15,345500,345000,319178,494
14:16,345000,14,345500,345000,318684,664
14:15,345000,14,345000,344500,318020,1700
14:14,345000,14,345000,344500,316320,3670
14:13,345000,14,345000,344500,312650,387
14:12,345000,14,345000,344500,312263,686
14:11,345000,14,345000,344500,311577,341
14:10,345000,14,345000,344500,311236,429
14:09,344500,14,345000,344500,310807,1832
14:08,345000,14,345000,344500,308975,385
14:07,345000,14,345000,344500,308590,448
14:06,345000,14,345000,344500,308142,1612
14:05,344500,14,345000,344500,306530,479
14:04,345000,14,345000,344500,306051,539
14:03,345000,14,345000,344500,305512,6970
14:02,344000,13,344500,344000,298542,512
14:01,344500,14,344500,344000,298030,341
14:00,344000,13,344500,344000,297689,375
13:59,344500,14,344500,344000,297314,689
13:58,344000,13,344500,344000,296625,330
13:57,344500,14,344500,344000,296295,391
13:56,344000,13,344500,344000,295904,649
13:55,344000,13,344500,344000,295255,329
13:54,344500,14,344500,344000,294926,798
13:53,344000,13,344500,344000,294128,412
13:52,344500,14,344500,344000,293716,302
13:51,344500,14,344500,344000,293414,395
13:50,344500,14,344500,344000,293019,402
13:49,344500,14,344500,344000,292617,704
13:48,344500,14,344500,344000,291913,168
13:47,344000,13,344500,344000,291745,467
13:46,344000,13,344000,343500,291278,218
13:45,343500,13,344000,343500,291060,633
13:44,344000,13,344000,343500,290427,553
13:43,344000,13,344000,343500,289874,367
13:42,344000,13,344000,343500,289507,277
13:41,344000,13,344000,343500,289230,524
13:40,344000,13,344000,343500,288706,264
13:39,344000,13,344000,343500,288442,282
13:38,344000,13,344000,343500,288160,354
13:37,343500,13,344000,343500,287806,256
13:36,344000,13,344000,343500,287550,435
13:35,344000,13,344000,343500,287115,709
13:34,343500,13,344000,343500,286406,377
13:33,344000,13,344000,343500,286029,172
13:32,344000,13,344000,343500,285857,354
13:31,343500,13,344000,343500,285503,476
13:30,344000,13,344000,343500,285027,270
13:29,344000,13,344000,343500,284757,289
13:28,344000,13,344000,343500,284468,245
13:27,343500,13,344000,343500,284223,404
13:26,344000,13,344000,343500,283819,134
13:25,343500,13,344000,343500,283685,1102
13:24,344000,13,344000,343500,282583,1005
13:23,344000,13,344000,343500,281578,1848
13:22,344000,13,344000,343500,279730,361
13:21,344000,13,344000,343500,279369,326
13:20,343500,13,344000,343500,279043,197
13:19,344000,13,344000,343500,278846,366
13:18,344000,13,344000,343500,278480,344
13:17,344000,13,344000,343500,278136,150
13:16,344000,13,344000,343500,277986,284
13:15,343500,13,344000,343500,277702,255
13:14,343500,13,344000,343500,277447,1648
13:13,343500,13,343500,343000,275799,1494
13:12,343000,12,343000,342500,274305,320
13:11,342500,12,343000,342500,273985,234
13:10,343000,12,343000,342500,273751,431
13:09,343000,12,343000,342500,273320,695
13:08,343000,12,343000,342500,272625,190
13:07,343000,12,343000,342500,272435,282
13:06,342500,12,343000,342500,272153,214
13:05,343000,12,343000,342500,271939,166
13:04,342500,12,343000,342500,271773,219
13:03,342500,12,343000,342500,271554,98
13:02,343000,12,343000,342500,271456,312
13:01,342500,12,343000,342500,271144,295
13:00,342500,12,343000,342500,270849,702
12:59,343000,12,343000,342500,270147,387
12:58,342500,12,343000,342500,269760,247
12:57,343000,12,343000,342500,269513,427
12:56,342500,12,343000,342500,269086,151
12:55,343000,12,343000,342500,268935,209
12:54,342500,12,343500,342500,268726,1934
12:53,343000,12,343500,343000,266792,216
12:52,343000,12,343500,343000,266576,150
12:51,343500,13,343500,343000,266426,170
12:50,343000,12,343500,343000,266256,382
12:49,343000,12,343500,343000,265874,209
12:48,343500,13,343500,343000,265665,265
12:47,343000,12,343500,343000,265400,485
12:46,343500,13,343500,343000,264915,449
12:45,343500,13,343500,343000,264466,1358
12:44,343500,13,344000,343500,263108,301
12:43,344000,13,344000,343500,262807,231
12:42,343500,13,344000,343500,262576,357
12:41,343500,13,344000,343500,262219,1195
12:40,344500,14,344500,344000,261024,660
12:39,344000,13,344500,344000,260364,317
12:38,344500,14,344500,344000,260047,1281
12:37,344500,14,345000,344500,258766,778
12:36,344500,14,345000,344500,257988,847
12:35,345000,14,345000,344500,257141,494
12:34,344500,14,345000,344500,256647,254
12:33,344500,14,345000,344500,256393,558
12:32,345000,14,345000,344500,255835,378
12:31,345000,14,345000,344500,255457,213
12:30,345000,14,345000,344500,255244,559
12:29,344500,14,345000,344500,254685,331
12:28,344500,14,345000,344500,254354,230
12:27,344500,14,345000,344500,254124,439
12:26,345000,14,345000,344500,253685,458
12:25,345000,14,345000,344500,253227,465
12:24,345000,14,345000,344500,252762,349
12:23,344500,14,345000,344500,252413,872
12:22,345000,14,345000,344500,251541,9931
12:21,344000,13,344000,343500,241610,749
12:20,344000,13,344000,343500,240861,656
12:19,343500,13,344000,343500,240205,468
12:18,344000,13,344000,343500,239737,868
12:17,344000,13,344500,344000,238869,755
12:16,344000,13,344500,344000,238114,233
12:15,344000,13,344500,344000,237881,322
12:14,344000,13,344500,344000,237559,522
12:13,344500,14,344500,344000,237037,314
12:12,344000,13,344500,344000,236723,392
12:11,344000,13,344500,344000,236331,633
12:10,344000,13,344500,344000,235698,367
12:09,344000,13,344500,344000,235331,761
12:08,344000,13,344500,344000,234570,278
12:07,344000,13,344500,344000,234292,316
12:06,344500,14,344500,344000,233976,323
12:05,344500,14,344500,344000,233653,729
12:04,344500,14,344500,344000,232924,265
12:03,344500,14,344500,344000,232659,441
12:02,344500,14,344500,344000,232218,1583
12:01,344500,14,344500,344000,230635,176
12:00,344500,14,344500,344000,230459,222
11:59,344500,14,344500,344000,230237,273
11:58,344000,13,344500,344000,229964,207
11:57,344000,13,344500,344000,229757,466
11:56,344500,14,344500,344000,229291,418
11:55,344500,14,344500,344000,228873,781
11:54,344500,14,344500,344000,228092,679
11:53,344500,14,344500,344000,227413,510
11:52,344500,14,344500,344000,226903,302
11:51,344500,14,344500,344000,226601,537
11:50,344500,14,344500,344000,226064,347
11:49,344000,13,344500,344000,225717,1360
11:48,344000,13,344000,343500,224357,1186
11:47,343500,13,343500,343000,223171,743
11:46,343000,12,343500,343000,222428,366
11:45,343500,13,343500,343000,222062,248
11:44,343000,12,343500,343000,221814,349
11:43,343000,12,343500,343000,221465,149
11:42,343000,12,343500,343000,221316,244
11:41,343500,13,343500,343000,221072,1010
11:40,343000,12,343000,342500,220062,365
11:39,343000,12,343000,342500,219697,282
11:38,343000,12,343000,342500,219415,353
11:37,343000,12,343000,342500,219062,428
11:36,342500,12,343000,342500,218634,308
11:35,342500,12,343000,342500,218326,1329
11:34,342000,11,342500,342000,216997,294
11:33,342000,11,342500,342000,216703,298
11:32,342000,11,342500,342000,216405,409
11:31,342500,12,342500,342000,215996,294
11:30,342000,11,342500,342000,215702,1903
11:29,342000,11,342000,341500,213799,570
11:28,342000,11,342000,341500,213229,702
11:27,342500,12,342500,342000,212527,459
11:26,342000,11,342500,342000,212068,418
11:25,342500,12,342500,342000,211650,675
11:24,342500,12,342500,342000,210975,1489
11:23,343000,12,343000,342500,209486,559
11:22,343000,12,343000,342500,208927,573
11:21,343000,12,343000,342500,208354,771
11:20,343000,12,343000,342500,207583,648
11:19,343000,12,343500,343000,206935,519
11:18,343500,13,343500,343000,206416,427
11:17,344000,13,344000,343500,205989,306
11:16,344000,13,344000,343500,205683,369
11:15,343500,13,344000,343500,205314,479
11:14,344000,13,344000,343500,204835,283
11:13,343500,13,344000,343500,204552,340
11:12,343500,13,344000,343500,204212,799
11:11,344000,13,344000,343500,203413,828
11:10,343500,13,343500,343000,202585,540
11:09,343500,13,343500,343000,202045,632
11:08,344000,13,344000,343500,201413,557
11:07,344000,13,344000,343500,200856,878
11:06,344000,13,344500,344000,199978,352
11:05,344500,14,344500,344000,199626,213
11:04,344000,13,344500,344000,199413,1006
11:03,344500,14,344500,344000,198407,564
11:02,345000,14,345000,344500,197843,518
11:01,344500,14,345000,344500,197325,408
11:00,345000,14,345000,344500,196917,991
10:59,345000,14,345000,344500,195926,568
10:58,345000,14,345000,344500,195358,1318
10:57,344000,13,344500,344000,194040,439
10:56,344000,13,344500,344000,193601,1153
10:55,344000,13,344000,343500,192448,398
10:54,344000,13,344000,343500,192050,389
10:53,344000,13,344000,343500,191661,429
10:52,344500,14,344500,344000,191232,1396
10:51,344500,14,344500,344000,189836,1449
10:50,344500,14,345000,344500,188387,341
10:49,344500,14,345000,344500,188046,415
10:48,345000,14,345000,344500,187631,547
10:47,344500,14,345000,344500,187084,806
10:46,344500,14,345000,344500,186278,3260
10:45,344500,14,344500,344000,183018,1432
10:44,344000,13,344000,343500,181586,1159
10:43,343500,13,344000,343000,180427,1258
10:42,343500,13,344000,343500,179169,1357
10:41,344500,14,344500,344000,177812,2958
10:40,345000,14,345000,344500,174854,837
10:39,345000,14,345000,344500,174017,1801
10:38,344500,14,344500,344000,172216,637
10:37,344500,14,344500,344000,171579,668
10:36,344500,14,344500,344000,170911,881
10:35,344500,14,344500,344000,170030,1381
10:34,344500,14,344500,344000,168649,1081
10:33,344500,14,345000,344500,167568,4347
10:32,344000,13,344000,343500,163221,530
10:31,344000,13,344000,343500,162691,971
10:30,344000,13,344000,343500,161720,1164
10:29,343500,13,343500,343000,160556,2343
10:28,344500,14,344500,344000,158213,4256
10:27,344000,13,344000,343500,153957,6874
10:26,343000,12,343000,342500,147083,857
10:25,342500,12,343000,342500,146226,433
10:24,342500,12,343000,342500,145793,551
10:23,342500,12,343000,342500,145242,2137
10:22,342500,12,342500,342000,143105,500
10:21,342000,11,342500,342000,142605,645
10:20,342500,12,342500,342000,141960,2464
10:19,342500,12,342500,342000,139496,2778
10:18,342000,11,342500,342000,136718,2503
10:17,341500,11,342000,341500,134215,615
10:16,341500,11,342000,341500,133600,2812
10:15,340500,10,341000,340500,130788,453
10:14,340500,10,341000,340500,130335,593
10:13,340500,10,341000,340500,129742,271
10:12,341000,10,341000,340500,129471,522
10:11,340500,10,341000,340500,128949,1511
10:10,339500,9000,340000,339500,127438,951
10:09,339500,9000,340000,339500,126487,2349
10:08,340000,9500,340500,340000,124138,987
10:07,341000,10,341000,340500,123151,503
10:06,341000,10,341000,340500,122648,660
10:05,341000,10,341000,340500,121988,1202
10:04,341500,11,341500,341000,120786,1095
10:03,341500,11,341500,341000,119691,1868
10:02,341000,10,341000,340500,117823,1199
10:01,341500,11,341500,341000,116624,3088
10:00,342000,11,342500,342000,113536,2546
09:59,342000,11,342000,341500,110990,2668
09:58,341000,10,341000,340500,108322,1209
09:57,341000,10,341000,340500,107113,4264
09:56,340000,9500,340000,339500,102849,2020
09:55,341500,11,341500,341000,100829,3065
09:54,341000,10,341000,340500,97764,6652
09:53,339500,9000,340000,339500,91112,519
09:52,339500,9000,340000,339500,90593,1352
09:51,339500,9000,340000,339500,89241,672
09:50,340000,9500,340000,339500,88569,1302
09:49,340000,9500,340000,339500,87267,2098
09:48,339000,8500,339500,339000,85169,558
09:47,339000,8500,339500,339000,84611,3109
09:46,339500,9000,339500,339000,81502,1699
09:45,339500,9000,339500,339000,79803,1457
09:44,339000,8500,339500,339000,78346,2803
09:43,338500,8000,338500,338000,75543,1482
09:42,338500,8000,338500,338000,74061,1610
09:41,338500,8000,339000,338500,72451,1692
09:40,339500,9000,339000,338500,70759,3847
09:39,339000,8500,339000,338500,66912,6755
09:38,337500,7000,338000,337500,60157,648
09:37,337500,7000,338000,337500,59509,2448
09:36,337500,7000,337500,337000,57061,3146
09:35,335500,5000,336000,335500,53915,1301
09:34,335500,5000,336000,335500,52614,786
09:33,336000,5500,336500,336000,51828,2335
09:32,336500,6000,337000,336500,49493,460
09:31,337000,6500,337000,336500,49033,1381
09:30,336500,6000,336500,336000,47652,1765
09:29,335500,5000,335500,335000,45887,962
09:28,335500,5000,336000,335500,44925,185
09:27,336000,5500,336000,335500,44740,690
09:26,336500,6000,336500,336000,44050,1028
09:25,335500,5000,335500,335000,43022,1917
09:24,336500,6000,336500,336000,41105,2270
09:23,337500,7000,337500,337000,38835,2448
09:22,336500,6000,337000,336500,36387,4927
09:21,335000,4500,335000,334500,31460,2025
09:20,335500,5000,336000,335500,29435,1868
09:19,335500,5000,335500,335000,27567,807
09:18,335000,4500,335500,335000,26760,3226
09:17,334000,3500,334500,334000,23534,622
09:16,334000,3500,334000,333500,22912,1413
09:15,334500,4000,334500,334000,21499,921
09:14,334500,4000,334500,334000,20578,2288
09:13,333500,3000,333500,333000,18290,1300
09:12,332500,2000,332500,332000,16990,1105
09:11,331500,1000,332000,331500,15885,114
09:10,332000,1500,332000,331500,15771,678
09:09,331000,500,331500,331000,15093,1560
09:08,332000,1500,332000,331500,13533,537
09:07,331500,1000,332000,331500,12996,1277
09:06,332000,1500,332000,331500,11719,845
09:05,332000,1500,332000,331500,10874,2082
09:04,332500,2000,332500,332000,8792,622
09:03,332500,2000,332500,332000,8170,1129
09:02,331500,1000,332000,331500,7041,1448
09:01,332000,1500,332500,332000,5593,2777
09:00,333500,3000,333500,333000,2816,2816
