﻿체결시각,체결가,전일비,매도,매수,거래량,변동량
15:58,36200,700,0,36200,1230482,109
15:57,36200,700,0,36200,1230373,1
15:56,36200,700,0,36200,1230372,27
15:55,36200,700,36200,0,1230345,123
15:54,36200,700,36200,0,1230222,73
15:53,36200,700,36200,0,1230149,121
15:52,36200,700,36200,0,1230028,48
15:51,36200,700,36200,0,1229980,71
15:50,36200,700,36200,0,1229909,219
15:49,36200,700,36200,0,1229690,384
15:48,36200,700,36200,0,1229306,120
15:47,36200,700,36200,0,1229186,10
15:46,36200,700,36200,0,1229176,130
15:45,36200,700,0,0,1229046,115
15:44,36200,700,36200,0,1228931,371
15:43,36200,700,0,36200,1228560,388
15:42,36200,700,0,36200,1228172,30
15:41,36200,700,0,0,1228142,41
15:40,36200,700,36200,0,1228101,2371
15:30,36200,700,36250,36200,1225730,73959
15:19,36250,650,36250,36200,1151771,3618
15:18,36200,700,36250,36200,1148153,2745
15:17,36200,700,36250,36200,1145408,2678
15:16,36200,700,36250,36200,1142730,3749
15:15,36250,650,36250,36200,1138981,9330
15:14,36250,650,36300,36250,1129651,1672
15:13,36300,600,36300,36250,1127979,3138
15:12,36300,600,36300,36250,1124841,1983
15:11,36250,650,36300,36250,1122858,2945
15:10,36250,650,36300,36250,1119913,2826
15:09,36300,600,36300,36250,1117087,8161
15:08,36250,650,36250,36200,1108926,2741
15:07,36200,700,36250,36200,1106185,3366
15:06,36200,700,36250,36200,1102819,3715
15:05,36250,650,36250,36200,1099104,2509
15:04,36200,700,36250,36200,1096595,2571
15:03,36250,650,36250,36200,1094024,2737
15:02,36200,700,36250,36200,1091287,3468
15:01,36200,700,36250,36200,1087819,1861
15:00,36250,650,36250,36200,1085958,4247
14:59,36250,650,36250,36200,1081711,2264
14:58,36250,650,36250,36200,1079447,5551
14:57,36200,700,36250,36200,1073896,2776
14:56,36200,700,36250,36200,1071120,2822
14:55,36250,650,36250,36200,1068298,6137
14:54,36250,650,36250,36200,1062161,3642
14:53,36250,650,36250,36200,1058519,19099
14:52,36250,650,36300,36250,1039420,4187
14:51,36250,650,36300,36250,1035233,4488
14:50,36300,600,36300,36250,1030745,1763
14:49,36300,600,36300,36250,1028982,4874
14:48,36250,650,36300,36250,1024108,2829
14:47,36250,650,36300,36250,1021279,1384
14:46,36300,600,36300,36250,1019895,3465
14:45,36250,650,36300,36250,1016430,3524
14:44,36250,650,36300,36250,1012906,2309
14:43,36300,600,36300,36250,1010597,2826
14:42,36300,600,36300,36250,1007771,2069
14:41,36300,600,36300,36250,1005702,3485
14:40,36300,600,36300,36250,1002217,4563
14:39,36250,650,36300,36250,997654,4649
14:38,36300,600,36300,36250,993005,2107
14:37,36250,650,36300,36250,990898,2018
14:36,36300,600,36300,36250,988880,3355
14:35,36250,650,36300,36250,985525,1926
14:34,36250,650,36300,36250,983599,4876
14:33,36300,600,36300,36250,978723,1583
14:32,36300,600,36300,36250,977140,1046
14:31,36300,600,36300,36250,976094,1938
14:30,36300,600,36300,36250,974156,2471
14:29,36300,600,36300,36250,971685,1665
14:28,36300,600,36300,36250,970020,2336
14:27,36300,600,36300,36250,967684,2466
14:26,36300,600,36300,36250,965218,3651
14:25,36300,600,36300,36250,961567,1879
14:24,36250,650,36300,36250,959688,14464
14:23,36300,600,36350,36300,945224,1886
14:22,36350,550,36350,36300,943338,3531
14:21,36400,500,36400,36350,939807,1464
14:20,36350,550,36400,36350,938343,1872
14:19,36350,550,36350,36300,936471,911
14:18,36350,550,36350,36300,935560,997
14:17,36350,550,36400,36350,934563,571
14:16,36350,550,36350,36300,933992,790
14:15,36350,550,36400,36350,933202,1596
14:14,36400,500,36400,36350,931606,3198
14:13,36350,550,36400,36350,928408,3196
14:12,36400,500,36400,36350,925212,1509
14:11,36400,500,36400,36350,923703,927
14:10,36350,550,36400,36350,922776,1588
14:09,36400,500,36400,36350,921188,468
14:08,36400,500,36400,36350,920720,900
14:07,36350,550,36400,36350,919820,1129
14:06,36350,550,36400,36350,918691,719
14:05,36350,550,36400,36350,917972,1238
14:04,36350,550,36400,36350,916734,844
14:03,36400,500,36400,36350,915890,1107
14:02,36350,550,36400,36350,914783,557
14:01,36350,550,36400,36350,914226,2558
14:00,36350,550,36350,36300,911668,851
13:59,36300,600,36350,36300,910817,946
13:58,36300,600,36350,36300,909871,1827
13:57,36300,600,36350,36300,908044,4665
13:56,36250,650,36300,36250,903379,4253
13:55,36250,650,36300,36250,899126,7515
13:54,36300,600,36300,36250,891611,2679
13:53,36300,600,36300,36250,888932,1176
13:52,36250,650,36300,36250,887756,1476
13:51,36250,650,36300,36250,886280,1234
13:50,36300,600,36300,36250,885046,2398
13:49,36250,650,36300,36250,882648,22477
13:48,36300,600,36350,36300,860171,1955
13:47,36300,600,36350,36300,858216,1076
13:46,36350,550,36350,36300,857140,2074
13:45,36350,550,36350,36300,855066,979
13:44,36350,550,36350,36300,854087,3922
13:43,36350,550,36350,36300,850165,1233
13:42,36350,550,36350,36300,848932,2738
13:41,36300,600,36350,36300,846194,703
13:40,36350,550,36350,36300,845491,1649
13:39,36350,550,36350,36300,843842,3970
13:38,36350,550,36400,36350,839872,6406
13:37,36350,550,36400,36350,833466,1300
13:36,36400,500,36400,36350,832166,1933
13:35,36400,500,36400,36350,830233,1113
13:34,36350,550,36400,36350,829120,1289
13:33,36350,550,36400,36350,827831,10816
13:32,36350,550,36350,36300,817015,742
13:31,36300,600,36350,36300,816273,1761
13:30,36350,550,36350,36300,814512,1738
13:29,36300,600,36350,36300,812774,2959
13:28,36300,600,36350,36300,809815,4417
13:27,36350,550,36350,36300,805398,2490
13:26,36350,550,36350,36300,802908,5345
13:25,36300,600,36350,36300,797563,1105
13:24,36350,550,36350,36300,796458,597
13:23,36350,550,36350,36300,795861,2058
13:22,36350,550,36350,36300,793803,2669
13:21,36350,550,36350,36300,791134,6254
13:20,36350,550,36350,36300,784880,17338
13:19,36400,500,36400,36350,767542,1070
13:18,36350,550,36400,36350,766472,37411
13:17,36400,500,36450,36400,729061,3203
13:16,36450,450,36450,36400,725858,2855
13:15,36450,450,36450,36400,723003,1037
13:14,36450,450,36450,36400,721966,722
13:13,36450,450,36450,36400,721244,2130
13:12,36400,500,36450,36400,719114,1823
13:11,36400,500,36450,36400,717291,876
13:10,36450,450,36450,36400,716415,23862
13:09,36500,400,36500,36450,692553,3272
13:08,36500,400,36500,36450,689281,2501
13:07,36450,450,36500,36450,686780,235
13:06,36500,400,36500,36450,686545,1222
13:05,36450,450,36500,36450,685323,931
13:04,36500,400,36500,36450,684392,831
13:03,36500,400,36500,36450,683561,351
13:02,36500,400,36500,36450,683210,1109
13:01,36500,400,36500,36450,682101,1953
13:00,36450,450,36500,36450,680148,1170
12:59,36500,400,36500,36450,678978,2157
12:58,36450,450,36500,36450,676821,3009
12:57,36500,400,36500,36450,673812,12575
12:56,36450,450,36500,36450,661237,577
12:55,36450,450,36500,36450,660660,1445
12:54,36500,400,36500,36450,659215,730
12:53,36500,400,36500,36450,658485,1615
12:52,36500,400,36500,36450,656870,735
12:51,36450,450,36500,36450,656135,964
12:50,36450,450,36500,36450,655171,1306
12:49,36450,450,36500,36450,653865,1070
12:48,36450,450,36500,36450,652795,905
12:47,36450,450,36500,36450,651890,1881
12:46,36450,450,36500,36450,650009,1315
12:45,36450,450,36500,36450,648694,346
12:44,36450,450,36500,36450,648348,1129
12:43,36450,450,36500,36450,647219,3981
12:42,36500,400,36500,36450,643238,305
12:41,36450,450,36500,36450,642933,4376
12:40,36400,500,36450,36400,638557,3218
12:39,36400,500,36450,36400,635339,5382
12:38,36400,500,36450,36400,629957,1675
12:37,36450,450,36450,36400,628282,1889
12:36,36450,450,36450,36400,626393,3039
12:35,36400,500,36450,36400,623354,9498
12:34,36500,400,36500,36450,613856,2064
12:33,36450,450,36500,36450,611792,569
12:32,36450,450,36500,36450,611223,421
12:31,36450,450,36500,36450,610802,435
12:30,36450,450,36500,36450,610367,608
12:29,36450,450,36500,36450,609759,1852
12:28,36400,500,36450,36400,607907,2947
12:27,36400,500,36450,36400,604960,1037
12:26,36450,450,36450,36400,603923,565
12:25,36450,450,36450,36400,603358,1151
12:24,36450,450,36450,36400,602207,887
12:23,36450,450,36450,36400,601320,3420
12:22,36500,400,36500,36450,597900,1784
12:21,36450,450,36500,36450,596116,890
12:20,36450,450,36500,36450,595226,1114
12:19,36450,450,36450,36400,594112,3838
12:18,36450,450,36500,36450,590274,883
12:17,36450,450,36500,36450,589391,3975
12:16,36450,450,36450,36400,585416,699
12:15,36450,450,36450,36400,584717,3941
12:14,36450,450,36450,36400,580776,2575
12:13,36450,450,36450,36400,578201,14151
12:12,36450,450,36500,36450,564050,2857
12:11,36450,450,36500,36450,561193,808
12:10,36450,450,36500,36450,560385,839
12:09,36500,400,36500,36450,559546,1713
12:08,36450,450,36500,36450,557833,26180
12:07,36500,400,36550,36500,531653,23550
12:06,36550,350,36550,36500,508103,15036
12:05,36550,350,36600,36550,493067,400
12:04,36600,300,36600,36550,492667,3254
12:03,36550,350,36600,36550,489413,870
12:02,36600,300,36600,36550,488543,782
12:01,36600,300,36600,36550,487761,10355
12:00,36600,300,36600,36550,477406,1023
11:59,36550,350,36600,36550,476383,17462
11:58,36650,250,36650,36600,458921,24826
11:57,36700,200,36700,36650,434095,388
11:56,36650,250,36700,36650,433707,1483
11:55,36700,200,36700,36650,432224,741
11:54,36700,200,36700,36650,431483,778
11:53,36700,200,36700,36650,430705,642
11:52,36650,250,36700,36650,430063,802
11:51,36650,250,36700,36650,429261,543
11:50,36700,200,36700,36650,428718,1109
11:49,36650,250,36700,36650,427609,960
11:48,36700,200,36700,36650,426649,523
11:47,36700,200,36700,36650,426126,3883
11:46,36650,250,36700,36650,422243,453
11:45,36650,250,36700,36650,421790,4818
11:44,36650,250,36700,36650,416972,1057
11:43,36700,200,36700,36650,415915,503
11:42,36650,250,36700,36650,415412,1321
11:41,36650,250,36700,36650,414091,1013
11:40,36700,200,36700,36650,413078,501
11:39,36700,200,36700,36650,412577,1164
11:38,36650,250,36700,36650,411413,9021
11:37,36700,200,36750,36700,402392,573
11:36,36700,200,36750,36700,401819,508
11:35,36700,200,36750,36700,401311,633
11:34,36750,150,36750,36700,400678,915
11:33,36700,200,36750,36700,399763,1073
11:32,36750,150,36750,36700,398690,562
11:31,36700,200,36750,36700,398128,516
11:30,36750,150,36750,36700,397612,652
11:29,36750,150,36750,36700,396960,339
11:28,36750,150,36750,36700,396621,985
11:27,36750,150,36750,36700,395636,615
11:26,36750,150,36750,36700,395021,888
11:25,36750,150,36750,36700,394133,687
11:24,36750,150,36750,36700,393446,400
11:23,36750,150,36750,36700,393046,556
11:22,36700,200,36750,36700,392490,1298
11:21,36750,150,36750,36700,391192,926
11:20,36750,150,36750,36700,390266,4209
11:19,36700,200,36700,36650,386057,7230
11:18,36650,250,36650,36600,378827,1884
11:17,36650,250,36650,36600,376943,7215
11:16,36650,250,36650,36600,369728,2180
11:15,36600,300,36650,36600,367548,3535
11:14,36650,250,36650,36600,364013,1479
11:13,36650,250,36650,36600,362534,8759
11:12,36650,250,36700,36650,353775,1462
11:11,36650,250,36700,36650,352313,3436
11:10,36700,200,36700,36650,348877,1835
11:09,36700,200,36700,36650,347042,2319
11:08,36700,200,36700,36650,344723,1885
11:07,36700,200,36700,36650,342838,2491
11:06,36650,250,36700,36650,340347,11451
11:05,36700,200,36750,36700,328896,16406
11:04,36750,150,36800,36750,312490,1110
11:03,36750,150,36800,36750,311380,1311
11:02,36750,150,36800,36750,310069,1340
11:01,36800,100,36800,36750,308729,1204
11:00,36750,150,36800,36750,307525,2047
10:59,36750,150,36800,36750,305478,1403
10:58,36800,100,36800,36750,304075,1992
10:57,36750,150,36800,36750,302083,1293
10:56,36750,150,36800,36750,300790,2019
10:55,36800,100,36800,36750,298771,2434
10:54,36750,150,36800,36750,296337,1760
10:53,36750,150,36800,36750,294577,3583
10:52,36800,100,36800,36750,290994,989
10:51,36750,150,36800,36750,290005,6125
10:50,36800,100,36800,36750,283880,2452
10:49,36800,100,36800,36750,281428,3730
10:48,36750,150,36800,36750,277698,1723
10:47,36750,150,36800,36750,275975,1440
10:46,36750,150,36800,36750,274535,2417
10:45,36750,150,36800,36750,272118,1505
10:44,36800,100,36800,36750,270613,1153
10:43,36750,150,36800,36750,269460,1587
10:42,36750,150,36800,36750,267873,3840
10:41,36800,100,36800,36750,264033,2760
10:40,36750,150,36800,36750,261273,10282
10:39,36800,100,36850,36800,250991,1578
10:38,36850,50,36850,36800,249413,1650
10:37,36850,50,36850,36800,247763,1791
10:36,36850,50,36850,36800,245972,6476
10:35,36850,50,36900,36850,239496,6040
10:34,36850,50,36900,36850,233456,2060
10:33,36850,50,36900,36850,231396,1178
10:32,36900,0,36900,36850,230218,1237
10:31,36900,0,36900,36850,228981,1134
10:30,36850,50,36900,36850,227847,1574
10:29,36900,0,36900,36850,226273,1280
10:28,36850,50,36900,36850,224993,980
10:27,36850,50,36900,36850,224013,1245
10:26,36850,50,36900,36850,222768,3024
10:25,36900,0,36900,36850,219744,3623
10:24,36850,50,36900,36850,216121,12546
10:23,36900,0,36950,36900,203575,1319
10:22,36900,0,36950,36900,202256,923
10:21,36900,0,36950,36900,201333,1721
10:20,36950,50,37000,36950,199612,8478
10:19,36950,50,37000,36950,191134,1512
10:18,36950,50,37000,36950,189622,876
10:17,37000,100,37000,36950,188746,641
10:16,36950,50,37000,36950,188105,227
10:15,37000,100,37000,36950,187878,111
10:14,36950,50,37000,36950,187767,1089
10:13,37000,100,37000,36950,186678,299
10:12,37000,100,37000,36950,186379,461
10:11,36950,50,37000,36950,185918,831
10:10,37000,100,37000,36950,185087,949
10:09,36950,50,37000,36950,184138,863
10:08,37000,100,37050,37000,183275,1761
10:07,37000,100,37050,37000,181514,226
10:06,37050,150,37050,37000,181288,623
10:05,37050,150,37050,37000,180665,1469
10:04,37000,100,37050,37000,179196,1455
10:03,37000,100,37000,36950,177741,1262
10:02,37000,100,37000,36950,176479,1289
10:01,37000,100,37000,36950,175190,2246
10:00,37000,100,37000,36950,172944,524
09:59,37000,100,37000,36950,172420,267
09:58,37000,100,37000,36950,172153,416
09:57,37000,100,37000,36950,171737,301
09:56,37000,100,37000,36950,171436,1659
09:55,37000,100,37000,36950,169777,384
09:54,37000,100,37000,36950,169393,1179
09:53,37000,100,37000,36950,168214,942
09:52,36950,50,37000,36950,167272,841
09:51,37000,100,37000,36950,166431,572
09:50,37050,150,37050,37000,165859,787
09:49,37000,100,37050,37000,165072,1879
09:48,37000,100,37050,37000,163193,3110
09:47,36950,50,37000,36950,160083,5893
09:46,37000,100,37000,36950,154190,1133
09:45,36950,50,37000,36950,153057,658
09:44,37000,100,37000,36950,152399,2391
09:43,37000,100,37000,36950,150008,5952
09:42,37000,100,37050,37000,144056,1262
09:41,37000,100,37050,37000,142794,7746
09:40,37100,200,37150,37100,135048,250
09:39,37100,200,37150,37100,134798,254
09:38,37150,250,37150,37100,134544,1301
09:37,37150,250,37150,37100,133243,1952
09:36,37200,300,37200,37150,131291,978
09:35,37200,300,37200,37150,130313,703
09:34,37200,300,37200,37150,129610,599
09:33,37200,300,37200,37150,129011,3819
09:32,37250,350,37250,37200,125192,7552
09:31,37150,250,37150,37100,117640,1245
09:30,37150,250,37150,37100,116395,767
09:29,37150,250,37150,37100,115628,841
09:28,37150,250,37150,37100,114787,1224
09:27,37150,250,37200,37150,113563,1557
09:26,37150,250,37150,37100,112006,3616
09:25,37100,200,37150,37100,108390,1474
09:24,37150,250,37150,37100,106916,769
09:23,37150,250,37150,37100,106147,1829
09:22,37150,250,37150,37100,104318,876
09:21,37050,150,37100,37050,103442,3327
09:20,37050,150,37050,37000,100115,1344
09:19,37100,200,37100,37050,98771,1491
09:18,37100,200,37100,37050,97280,2368
09:17,37050,150,37050,37000,94912,1426
09:16,37050,150,37100,37000,93486,4292
09:15,37050,150,37100,37050,89194,3850
09:14,37100,200,37150,37100,85344,1537
09:13,37150,250,37150,37100,83807,3662
09:12,37050,150,37100,37050,80145,1615
09:11,37050,150,37100,37050,78530,3025
09:10,37050,150,37100,37050,75505,2832
09:09,37150,250,37150,37100,72673,2679
09:08,37200,300,37200,37150,69994,4886
09:07,37200,300,37200,37150,65108,16053
09:06,37350,450,37400,37350,49055,13356
09:05,37250,350,37250,37200,35699,1909
09:04,37250,350,37300,37250,33790,7956
09:03,37150,250,37200,37150,25834,4996
09:02,37150,250,37200,37150,20838,5136
09:01,37100,200,37100,37050,15702,4471
09:00,37100,200,37100,37050,11231,11231
