﻿체결시각,체결가,전일비,매도,매수,거래량,변동량
15:59,35850,250,35850,0,953195,3
15:58,35850,250,35850,0,953192,100
15:57,35850,250,35850,0,953092,400
15:56,35850,250,35850,0,952692,50
15:55,35850,250,35850,0,952642,4
15:54,35850,250,35850,0,952638,1
15:53,35850,250,35850,0,952637,1
15:52,35850,250,35850,0,952636,4
15:51,35850,250,35850,0,952632,1
15:50,35850,250,35850,0,952631,5
15:49,35850,250,35850,0,952626,2
15:48,35850,250,35850,0,952624,12
15:47,35850,250,35850,0,952612,1
15:46,35850,250,35850,0,952611,55
15:45,35850,250,0,0,952556,52
15:44,35850,250,35850,0,952504,1
15:43,35850,250,35850,0,952503,54
15:42,35850,250,35850,0,952449,123
15:41,35850,250,35850,0,952326,8
15:40,35850,250,35850,0,952318,414
15:30,35850,250,35850,35800,951904,87082
15:19,35900,200,35900,35850,864822,3013
15:18,35900,200,35900,35850,861809,2380
15:17,35900,200,35900,35850,859429,1405
15:16,35900,200,35900,35850,858024,644
15:15,35900,200,35900,35850,857380,2258
15:14,35850,250,35900,35850,855122,2366
15:13,35900,200,35950,35900,852756,2788
15:12,35900,200,35950,35900,849968,2048
15:11,35900,200,35900,35850,847920,1798
15:10,35900,200,35900,35850,846122,4649
15:09,35850,250,35900,35850,841473,2108
15:08,35850,250,35900,35850,839365,2282
15:07,35900,200,35900,35850,837083,1318
15:06,35850,250,35900,35850,835765,6311
15:05,35850,250,35850,35800,829454,4997
15:04,35850,250,35900,35850,824457,757
15:03,35850,250,35900,35850,823700,1085
15:02,35850,250,35900,35850,822615,3570
15:01,35850,250,35900,35850,819045,3860
15:00,35850,250,35850,35800,815185,3130
14:59,35850,250,35850,35800,812055,3331
14:58,35800,300,35850,35800,808724,4309
14:57,35850,250,35900,35850,804415,7887
14:56,35900,200,35950,35900,796528,2164
14:55,35900,200,35950,35900,794364,6380
14:54,35900,200,35950,35900,787984,2173
14:53,35950,150,36000,35950,785811,1570
14:52,35950,150,36000,35950,784241,7707
14:51,35950,150,36000,35950,776534,1191
14:50,35950,150,36000,35950,775343,5166
14:49,35950,150,36000,35950,770177,11980
14:48,36050,50,36050,36000,758197,10234
14:47,36050,50,36050,36000,747963,38063
14:46,36100,0,36150,36100,709900,1222
14:45,36100,0,36150,36100,708678,4449
14:44,36150,50,36150,36100,704229,2080
14:43,36100,0,36150,36100,702149,233
14:42,36100,0,36150,36100,701916,193
14:41,36150,50,36150,36100,701723,1807
14:40,36150,50,36150,36100,699916,4043
14:39,36150,50,36150,36100,695873,704
14:38,36100,0,36150,36100,695169,1784
14:37,36150,50,36150,36100,693385,1327
14:36,36150,50,36150,36100,692058,2826
14:35,36150,50,36200,36150,689232,760
14:34,36150,50,36200,36150,688472,11734
14:33,36150,50,36200,36150,676738,923
14:32,36150,50,36200,36150,675815,719
14:31,36150,50,36200,36150,675096,336
14:30,36150,50,36200,36150,674760,1311
14:29,36150,50,36200,36150,673449,1305
14:28,36150,50,36200,36150,672144,392
14:27,36150,50,36200,36150,671752,449
14:26,36150,50,36200,36150,671303,2168
14:25,36200,100,36200,36150,669135,1595
14:24,36150,50,36200,36150,667540,951
14:23,36150,50,36200,36150,666589,1038
14:22,36150,50,36200,36150,665551,893
14:21,36200,100,36200,36150,664658,143
14:20,36150,50,36200,36150,664515,1509
14:19,36200,100,36250,36200,663006,111
14:18,36200,100,36250,36200,662895,532
14:17,36200,100,36250,36200,662363,142
14:16,36200,100,36250,36200,662221,421
14:15,36200,100,36250,36200,661800,1442
14:14,36150,50,36200,36150,660358,767
14:13,36200,100,36250,36200,659591,1195
14:12,36200,100,36250,36200,658396,7122
14:11,36150,50,36200,36150,651274,1187
14:10,36150,50,36200,36150,650087,967
14:09,36150,50,36200,36150,649120,161
14:08,36150,50,36200,36150,648959,156
14:07,36150,50,36200,36150,648803,625
14:06,36200,100,36200,36150,648178,498
14:05,36200,100,36200,36150,647680,539
14:04,36150,50,36200,36150,647141,338
14:03,36150,50,36200,36150,646803,619
14:02,36150,50,36200,36150,646184,1220
14:01,36150,50,36200,36150,644964,144
14:00,36200,100,36200,36150,644820,129
13:59,36150,50,36200,36150,644691,1516
13:58,36200,100,36200,36150,643175,2742
13:57,36200,100,36250,36200,640433,677
13:56,36250,150,36250,36200,639756,581
13:55,36250,150,36250,36200,639175,100
13:54,36250,150,36250,36200,639075,945
13:53,36250,150,36300,36250,638130,742
13:52,36250,150,36250,36200,637388,841
13:51,36250,150,36300,36250,636547,1399
13:50,36250,150,36250,36200,635148,1889
13:49,36250,150,36300,36250,633259,3702
13:48,36200,100,36250,36200,629557,902
13:47,36200,100,36250,36200,628655,111
13:46,36250,150,36250,36200,628544,75
13:45,36200,100,36250,36200,628469,861
13:44,36200,100,36250,36200,627608,199
13:43,36200,100,36250,36200,627409,286
13:42,36200,100,36250,36200,627123,565
13:41,36150,50,36200,36150,626558,2313
13:40,36200,100,36250,36200,624245,143
13:39,36200,100,36250,36200,624102,229
13:38,36200,100,36250,36200,623873,2297
13:37,36150,50,36200,36150,621576,907
13:36,36200,100,36200,36150,620669,2451
13:35,36150,50,36200,36150,618218,739
13:34,36150,50,36200,36150,617479,977
13:33,36150,50,36200,36150,616502,1351
13:32,36200,100,36200,36150,615151,129
13:31,36150,50,36200,36150,615022,432
13:30,36200,100,36250,36200,614590,627
13:29,36200,100,36250,36200,613963,82
13:28,36250,150,36250,36200,613881,445
13:27,36250,150,36250,36200,613436,795
13:26,36200,100,36250,36200,612641,4262
13:25,36200,100,36200,36150,608379,347
13:24,36200,100,36200,36150,608032,137
13:23,36200,100,36200,36150,607895,413
13:22,36150,50,36200,36150,607482,613
13:21,36200,100,36200,36150,606869,516
13:20,36200,100,36200,36150,606353,1018
13:19,36150,50,36200,36150,605335,1344
13:18,36150,50,36200,36150,603991,1352
13:17,36200,100,36200,36150,602639,681
13:16,36250,150,36250,36200,601958,505
13:15,36200,100,36250,36200,601453,9216
13:14,36250,150,36300,36250,592237,506
13:13,36250,150,36300,36250,591731,44
13:12,36300,200,36300,36250,591687,253
13:11,36250,150,36300,36250,591434,728
13:10,36250,150,36300,36250,590706,328
13:09,36250,150,36300,36250,590378,502
13:08,36250,150,36300,36250,589876,610
13:07,36300,200,36350,36300,589266,4232
13:06,36300,200,36300,36250,585034,526
13:05,36250,150,36300,36250,584508,541
13:04,36250,150,36300,36250,583967,1684
13:03,36250,150,36300,36250,582283,626
13:02,36250,150,36300,36250,581657,2045
13:01,36250,150,36300,36250,579612,316
13:00,36300,200,36300,36250,579296,598
12:59,36250,150,36300,36250,578698,234
12:58,36300,200,36300,36250,578464,418
12:57,36250,150,36300,36250,578046,1667
12:56,36250,150,36300,36250,576379,1704
12:55,36300,200,36300,36250,574675,467
12:54,36250,150,36300,36250,574208,464
12:53,36250,150,36300,36250,573744,296
12:52,36300,200,36300,36250,573448,610
12:51,36250,150,36300,36250,572838,736
12:50,36300,200,36300,36250,572102,264
12:49,36250,150,36300,36250,571838,580
12:48,36250,150,36300,36250,571258,106
12:47,36250,150,36300,36250,571152,308
12:46,36250,150,36300,36250,570844,628
12:45,36300,200,36300,36250,570216,488
12:44,36250,150,36300,36250,569728,108
12:43,36300,200,36300,36250,569620,226
12:42,36250,150,36300,36250,569394,87
12:41,36300,200,36300,36250,569307,909
12:40,36300,200,36300,36250,568398,203
12:39,36250,150,36300,36250,568195,3949
12:38,36300,200,36350,36300,564246,125
12:37,36350,250,36350,36300,564121,631
12:36,36300,200,36350,36300,563490,67
12:35,36300,200,36350,36300,563423,168
12:34,36300,200,36350,36300,563255,531
12:33,36300,200,36350,36300,562724,160
12:32,36300,200,36350,36300,562564,559
12:31,36300,200,36350,36300,562005,214
12:30,36300,200,36350,36250,561791,1205
12:29,36300,200,36350,36300,560586,766
12:28,36300,200,36300,36250,559820,154
12:27,36300,200,36300,36250,559666,1677
12:26,36300,200,36300,36250,557989,2160
12:25,36250,150,36300,36250,555829,771
12:24,36250,150,36300,36250,555058,63
12:23,36300,200,36300,36250,554995,173
12:22,36250,150,36300,36250,554822,937
12:21,36300,200,36300,36250,553885,142
12:20,36300,200,36300,36250,553743,266
12:19,36250,150,36300,36250,553477,1015
12:18,36300,200,36300,36250,552462,2699
12:17,36250,150,36300,36250,549763,223
12:16,36250,150,36300,36250,549540,1133
12:15,36250,150,36300,36250,548407,637
12:14,36250,150,36300,36250,547770,313
12:13,36300,200,36300,36250,547457,66
12:12,36300,200,36300,36250,547391,145
12:11,36250,150,36300,36250,547246,616
12:10,36300,200,36300,36250,546630,126
12:09,36250,150,36300,36250,546504,453
12:08,36250,150,36300,36250,546051,391
12:07,36300,200,36300,36250,545660,812
12:06,36350,250,36350,36300,544848,823
12:05,36350,250,36350,36300,544025,998
12:04,36250,150,36300,36250,543027,888
12:03,36300,200,36300,36250,542139,1047
12:02,36250,150,36300,36250,541092,565
12:01,36250,150,36300,36250,540527,134
12:00,36250,150,36300,36250,540393,1730
11:59,36250,150,36300,36250,538663,520
11:58,36250,150,36300,36250,538143,361
11:57,36300,200,36300,36250,537782,158
11:56,36300,200,36300,36250,537624,745
11:55,36250,150,36300,36250,536879,82
11:54,36300,200,36300,36250,536797,519
11:53,36300,200,36350,36300,536278,708
11:52,36350,250,36350,36300,535570,940
11:51,36300,200,36350,36300,534630,1871
11:50,36350,250,36400,36350,532759,4629
11:49,36300,200,36350,36300,528130,1144
11:48,36350,250,36350,36300,526986,1260
11:47,36300,200,36350,36300,525726,447
11:46,36350,250,36350,36300,525279,5034
11:45,36300,200,36300,36250,520245,592
11:44,36250,150,36300,36250,519653,134
11:43,36300,200,36300,36250,519519,182
11:42,36300,200,36300,36250,519337,35
11:41,36300,200,36300,36250,519302,608
11:40,36250,150,36300,36250,518694,629
11:39,36250,150,36300,36250,518065,495
11:38,36250,150,36300,36250,517570,2319
11:37,36250,150,36250,36200,515251,1712
11:36,36200,100,36250,36200,513539,263
11:35,36200,100,36250,36200,513276,368
11:34,36200,100,36250,36200,512908,529
11:33,36250,150,36250,36200,512379,403
11:32,36250,150,36250,36200,511976,248
11:31,36250,150,36250,36200,511728,233
11:30,36200,100,36250,36200,511495,1371
11:29,36200,100,36250,36200,510124,216
11:28,36200,100,36250,36200,509908,17
11:27,36200,100,36250,36200,509891,1195
11:26,36250,150,36250,36200,508696,1180
11:25,36250,150,36250,36200,507516,144
11:24,36250,150,36250,36200,507372,319
11:23,36250,150,36250,36200,507053,1205
11:22,36200,100,36250,36200,505848,624
11:21,36250,150,36250,36200,505224,236
11:20,36200,100,36250,36200,504988,142
11:19,36250,150,36250,36200,504846,672
11:18,36200,100,36250,36200,504174,268
11:17,36200,100,36250,36200,503906,575
11:16,36200,100,36250,36200,503331,917
11:15,36200,100,36250,36200,502414,7711
11:14,36250,150,36250,36200,494703,433
11:13,36200,100,36250,36200,494270,518
11:12,36200,100,36250,36200,493752,1553
11:11,36200,100,36250,36200,492199,1206
11:10,36200,100,36250,36200,490993,2714
11:09,36250,150,36300,36250,488279,287
11:08,36250,150,36300,36250,487992,994
11:07,36250,150,36300,36250,486998,181
11:06,36250,150,36300,36250,486817,725
11:05,36300,200,36300,36250,486092,324
11:04,36250,150,36300,36250,485768,650
11:03,36250,150,36300,36250,485118,130
11:02,36200,100,36250,36200,484988,689
11:01,36250,150,36300,36200,484299,222
11:00,36250,150,36250,36200,484077,1380
10:59,36250,150,36300,36250,482697,2365
10:58,36250,150,36250,36200,480332,910
10:57,36250,150,36250,36200,479422,624
10:56,36250,150,36250,36200,478798,294
10:55,36250,150,36250,36200,478504,286
10:54,36250,150,36250,36200,478218,961
10:53,36250,150,36250,36200,477257,685
10:52,36250,150,36250,36200,476572,922
10:51,36200,100,36250,36200,475650,178
10:50,36200,100,36250,36200,475472,183
10:49,36200,100,36250,36200,475289,387
10:48,36250,150,36300,36250,474902,2984
10:47,36200,100,36250,36200,471918,1746
10:46,36250,150,36250,36200,470172,387
10:45,36200,100,36250,36200,469785,4641
10:44,36300,200,36350,36300,465144,120
10:43,36300,200,36300,36250,465024,4246
10:42,36300,200,36300,36250,460778,3658
10:41,36250,150,36300,36250,457120,382
10:40,36250,150,36300,36250,456738,1009
10:39,36250,150,36300,36250,455729,2409
10:38,36250,150,36300,36250,453320,1428
10:37,36250,150,36250,36200,451892,2210
10:36,36250,150,36300,36250,449682,443
10:35,36250,150,36300,36250,449239,255
10:34,36250,150,36300,36250,448984,2115
10:33,36300,200,36350,36300,446869,317
10:32,36300,200,36350,36300,446552,3934
10:31,36300,200,36300,36250,442618,457
10:30,36300,200,36300,36250,442161,920
10:29,36250,150,36300,36250,441241,1017
10:28,36250,150,36250,36200,440224,2599
10:27,36250,150,36300,36250,437625,1431
10:26,36300,200,36300,36250,436194,904
10:25,36250,150,36300,36250,435290,200
10:24,36300,200,36300,36250,435090,604
10:23,36300,200,36300,36250,434486,3411
10:22,36300,200,36350,36300,431075,2112
10:21,36300,200,36300,36250,428963,468
10:20,36250,150,36300,36250,428495,455
10:19,36300,200,36350,36250,428040,6074
10:18,36300,200,36350,36300,421966,261
10:17,36350,250,36400,36350,421705,556
10:16,36300,200,36350,36300,421149,1150
10:15,36350,250,36350,36300,419999,2991
10:14,36350,250,36400,36350,417008,453
10:13,36400,300,36400,36350,416555,6000
10:12,36400,300,36400,36350,410555,1849
10:11,36350,250,36400,36350,408706,1273
10:10,36450,350,36450,36400,407433,581
10:09,36400,300,36450,36400,406852,2853
10:08,36450,350,36500,36450,403999,3255
10:07,36500,400,36500,36450,400744,1540
10:06,36450,350,36450,36400,399204,658
10:05,36450,350,36450,36400,398546,236
10:04,36450,350,36450,36400,398310,908
10:03,36450,350,36450,36400,397402,3315
10:02,36450,350,36450,36400,394087,1148
10:01,36400,300,36450,36400,392939,3038
10:00,36350,250,36400,36350,389901,236
09:59,36400,300,36400,36350,389665,900
09:58,36400,300,36450,36400,388765,1123
09:57,36400,300,36400,36350,387642,1492
09:56,36400,300,36400,36350,386150,1419
09:55,36350,250,36400,36350,384731,1143
09:54,36350,250,36400,36350,383588,3346
09:53,36400,300,36450,36400,380242,5653
09:52,36450,350,36450,36400,374589,901
09:51,36350,250,36350,36300,373688,1707
09:50,36450,350,36500,36400,371981,10157
09:49,36400,300,36450,36400,361824,784
09:48,36450,350,36450,36400,361040,764
09:47,36400,300,36400,36350,360276,7421
09:46,36300,200,36300,36250,352855,994
09:45,36250,150,36300,36250,351861,938
09:44,36250,150,36300,36250,350923,4617
09:43,36250,150,36300,36250,346306,16560
09:42,36300,200,36350,36300,329746,616
09:41,36300,200,36350,36300,329130,4387
09:40,36350,250,36400,36350,324743,3489
09:39,36400,300,36400,36350,321254,523
09:38,36400,300,36400,36350,320731,1985
09:37,36350,250,36400,36350,318746,1240
09:36,36400,300,36400,36350,317506,1056
09:35,36450,350,36450,36400,316450,4285
09:34,36400,300,36400,36350,312165,8509
09:33,36400,300,36400,36350,303656,862
09:32,36400,300,36400,36350,302794,5004
09:31,36350,250,36350,36300,297790,849
09:30,36350,250,36350,36300,296941,754
09:29,36300,200,36350,36300,296187,2837
09:28,36300,200,36350,36300,293350,7191
09:27,36350,250,36350,36300,286159,2683
09:26,36350,250,36400,36350,283476,2000
09:25,36350,250,36400,36350,281476,1606
09:24,36400,300,36400,36350,279870,1964
09:23,36450,350,36450,36400,277906,884
09:22,36400,300,36450,36400,277022,1985
09:21,36400,300,36400,36350,275037,4392
09:20,36350,250,36400,36350,270645,7048
09:19,36300,200,36300,36250,263597,5676
09:18,36300,200,36300,36250,257921,5821
09:17,36300,200,36300,36250,252100,6049
09:16,36250,150,36300,36250,246051,11108
09:15,36450,350,36450,36400,234943,9080
09:14,36500,400,36550,36500,225863,3370
09:13,36550,450,36550,36500,222493,6494
09:12,36550,450,36600,36550,215999,7912
09:11,36550,450,36550,36500,208087,2932
09:10,36500,400,36550,36500,205155,10637
09:09,36500,400,36500,36450,194518,6247
09:08,36450,350,36500,36450,188271,10729
09:07,36400,300,36450,36400,177542,7853
09:06,36450,350,36500,36450,169689,18911
09:05,36600,500,36650,36600,150778,14058
09:04,36600,500,36650,36600,136720,13791
09:03,36600,500,36600,36550,122929,15961
09:02,36650,550,36700,36650,106968,22202
09:01,36650,550,36700,36650,84766,33341
09:00,36450,350,36500,36450,51425,51425
