﻿stck_bsop_date,stck_clpr,stck_oprc,stck_hgpr,stck_lwpr,acml_vol,acml_tr_pbmn,flng_cls_code,prtt_rate,mod_yn,prdy_vrss_sign,prdy_vrss,revl_issu_reas
20240401,454000,469000,470000,453500,455659,207937501000,00,0.00,N,5,-17000,
20240329,471000,477500,478000,460000,586778,273673352000,00,0.00,N,5,-6500,
20240328,477500,487000,488000,475500,485116,233240273000,00,0.00,N,5,-3000,
20240327,480500,477000,491500,476500,577141,278976575500,00,0.00,N,2,7500,
20240326,473000,488500,493500,471500,822461,396916734646,00,0.00,N,5,-13000,
20240325,486000,478000,494500,475000,840495,409179508728,00,0.00,N,2,13500,
20240322,472500,454500,475000,453500,779394,364414171000,00,0.00,N,2,17000,
20240321,455500,456000,465000,454000,537490,246475541000,00,0.00,N,2,2500,
20240320,453000,450500,471500,445500,910857,419149151280,00,0.00,N,2,2000,
20240319,451000,451500,454500,438500,655915,293146862500,00,0.00,N,2,7000,
20240318,444000,425000,448000,424500,569305,249578732000,00,0.00,N,2,19000,
20240315,425000,437000,438000,422000,785190,335613221500,00,0.00,N,5,-21000,
20240314,446000,454500,465000,441500,799779,359865003500,00,0.00,N,5,-13500,
20240313,459500,453500,468500,447000,1060664,486393254000,00,0.00,N,3,0,
20240312,459500,421500,461000,421500,1470069,650697201000,00,0.00,N,2,46000,
20240311,413500,421000,424500,411000,533937,222433320500,00,0.00,N,5,-12500,
20240308,426000,420500,442500,418000,1764503,761622730500,00,0.00,N,2,14000,
20240307,412000,369000,417000,368000,1771829,710120281000,00,0.00,N,2,47500,
20240306,364500,365000,369000,363000,220362,80463893000,00,0.00,N,5,-2000,
20240305,366500,371000,371500,366000,296735,109258515000,00,0.00,N,5,-8000,
20240304,374500,377500,383000,373500,302231,113942353425,00,0.00,N,5,-2500,
20240229,377000,381000,382500,376000,246129,93137018000,00,0.00,N,5,-4500,
20240228,381500,384500,393000,381500,191287,73751954000,00,0.00,N,2,500,
20240227,381000,391000,393500,381000,260974,100688259000,00,0.00,N,5,-10000,
20240226,391000,388000,394000,386000,183001,71531879500,00,0.00,N,2,2500,
20240223,388500,396000,397000,388000,239275,93697201000,00,0.00,N,5,-6500,
20240222,395000,402000,402000,395000,204188,81240046000,00,0.00,N,5,-5000,
20240221,400000,393000,401000,391000,178105,70717279500,00,0.00,N,2,5000,
20240220,395000,394000,396000,386000,231525,90759569000,00,0.00,N,2,500,
20240219,394500,400000,404500,394000,346748,138081747900,00,0.00,N,5,-10000,
20240216,404500,394000,408500,394000,521244,209968977848,00,0.00,N,2,18500,
20240215,386000,393000,393000,385500,258465,100364086500,00,0.00,N,5,-500,
20240214,386500,385000,390000,380000,205747,79107738500,00,0.00,N,5,-4500,
20240213,391000,391000,393000,386000,253552,98922526500,00,0.00,N,2,6000,
20240208,385000,393000,394500,385000,368228,143383852000,00,0.00,N,2,3000,
20240207,382000,378000,395000,378000,454296,176295445500,00,0.00,N,2,8000,
20240206,374000,382500,385000,374000,348821,131255940500,00,0.00,N,5,-13000,
20240205,387000,396000,399000,387000,327198,128098457500,00,0.00,N,5,-6000,
20240202,393000,377000,395000,376500,380372,148303469500,00,0.00,N,2,15500,
20240201,377500,369000,379500,366000,305271,113497807500,00,0.00,N,2,5000,
20240131,372500,371000,385000,368500,352675,132805151000,00,0.00,N,5,-2000,
20240130,374500,383500,390000,373500,524836,200823483000,00,0.00,N,5,-4500,
20240129,379000,363500,384000,360500,557298,209918942500,00,0.00,N,2,18500,
20240126,360500,342500,366000,342000,597180,214790818000,00,0.00,N,2,13000,
20240125,347500,351000,353500,345000,436330,152060259500,00,0.00,N,5,-6500,
20240124,354000,358500,361500,350000,519692,184633739000,00,0.00,N,5,-4500,
20240123,358500,354000,362500,354000,533096,191107576570,00,0.00,N,2,500,
20240122,358000,374000,376000,358000,571765,206904334700,00,0.00,N,5,-16000,
20240119,374000,380000,384500,373500,329271,124203791000,00,0.00,N,5,-2500,
20240118,376500,372000,388500,367500,477618,180130270500,00,0.00,N,5,-2500,
20240117,379000,395000,397500,379000,511751,196659584500,00,0.00,N,5,-16000,
20240116,395000,398500,405500,395000,312693,124760195500,00,0.00,N,5,-5000,
20240115,400000,400000,404000,396500,337909,135087914500,00,0.00,N,5,-8000,
20240112,408000,417000,418500,405500,369362,151225926381,00,0.00,N,5,-8500,
20240111,416500,415500,421500,415500,331233,138521846199,00,0.00,N,3,0,
20240110,416500,430000,431500,416000,562351,235590592414,00,0.00,N,5,-15500,
20240109,432000,442000,442000,432000,210683,91923279500,00,0.00,N,5,-4000,
20240108,436000,445000,446000,435500,213935,93877954000,00,0.00,N,5,-9000,
20240105,445000,445500,449000,442000,172950,77059957500,00,0.00,N,3,0,
20240104,445000,444500,448500,440000,201870,89577242000,00,0.00,N,5,-1500,
20240103,446500,462000,462000,446500,350254,158193025500,00,0.00,N,5,-20500,
20240102,467000,469000,469500,463000,195216,91089738500,00,0.00,N,5,-5000,
20231228,472000,463500,472000,458000,301048,140211202500,00,0.00,N,2,16500,
20231227,455500,451000,459000,450000,173135,78665984000,02,0.00,N,2,8500,
20231226,447000,454000,456500,446500,141182,63394324000,00,0.00,N,5,-3500,
20231222,450500,454000,457000,450500,166640,75535849000,00,0.00,N,5,-500,
20231221,451000,455000,456500,449500,243286,110062827000,00,0.00,N,5,-11000,
20231220,462000,453500,463000,453000,308987,141949781000,00,0.00,N,2,11500,
20231219,450500,451000,452500,446500,213617,96178751000,00,0.00,N,5,-1000,
20231218,451500,457500,459000,450000,214655,97132496500,00,0.00,N,5,-1000,
20231215,452500,459500,467000,449000,478586,218236785000,00,0.00,N,2,4000,
20231214,448500,436500,450500,431000,484805,214196966500,00,0.00,N,2,19000,
20231213,429500,442000,443000,429000,311146,134932914500,00,0.00,N,5,-16000,
20231212,445500,446500,449500,443000,234611,104866381978,00,0.00,N,5,-500,
20231211,446000,451000,457000,440500,305967,136497183000,00,0.00,N,5,-4000,
20231208,450000,448000,457000,444500,220251,99162527500,00,0.00,N,2,6500,
20231207,443500,439000,447000,435500,268573,118631104000,00,0.00,N,2,10000,
20231206,433500,445000,445000,432500,350012,152521339500,00,0.00,N,5,-10500,
20231205,444000,439500,447000,436500,193240,85522843000,00,0.00,N,2,4500,
20231204,439500,451000,456000,433500,471966,209565847938,00,0.00,N,5,-7500,
