﻿체결시각,체결가,전일비,매도,매수,거래량,변동량
15:58,142700,100,142700,0,85048,88
15:49,142700,100,0,142700,84960,3
15:44,142700,100,0,142700,84957,2
15:40,142700,100,0,0,84955,5
15:30,142700,100,142800,142700,84950,7063
15:19,142900,300,142900,142800,77887,425
15:18,142900,300,142900,142800,77462,227
15:17,142800,200,142900,142800,77235,176
15:16,142900,300,142900,142800,77059,109
15:15,142800,200,142900,142800,76950,120
15:14,142900,300,142900,142800,76830,356
15:13,142900,300,143000,142900,76474,86
15:12,142900,300,143000,142900,76388,256
15:11,143000,400,143000,142900,76132,128
15:10,142900,300,143000,142900,76004,120
15:09,143000,400,143000,142900,75884,117
15:08,143000,400,143100,143000,75767,93
15:07,143000,400,143100,143000,75674,123
15:06,143100,500,143100,143000,75551,90
15:05,143100,500,143100,143000,75461,85
15:04,143000,400,143100,143000,75376,92
15:03,143000,400,143100,143000,75284,77
15:02,143000,400,143100,143000,75207,53
15:01,143100,500,143200,143100,75154,260
15:00,143000,400,143100,143000,74894,282
14:59,143100,500,143200,143100,74612,10
14:58,143200,600,143200,143100,74602,559
14:57,142900,300,143000,142900,74043,73
14:56,143000,400,143000,142900,73970,58
14:55,142900,300,143000,142900,73912,177
14:54,143000,400,143000,142800,73735,250
14:53,143100,500,143100,143000,73485,153
14:52,143000,400,143100,143000,73332,124
14:51,143000,400,143100,143000,73208,57
14:50,143000,400,143100,143000,73151,90
14:49,143000,400,143100,143000,73061,239
14:48,142900,300,143000,142900,72822,32
14:47,143100,500,143100,142900,72790,1052
14:46,142900,300,142900,142800,71738,47
14:45,142900,300,142900,142800,71691,254
14:44,142900,300,142900,142800,71437,2528
14:43,143000,400,143100,143000,68909,24
14:42,143000,400,143100,143000,68885,78
14:41,143100,500,143100,143000,68807,114
14:40,143100,500,143100,143000,68693,81
14:39,143100,500,143100,143000,68612,47
14:38,143000,400,143100,143000,68565,103
14:37,143100,500,143100,143000,68462,97
14:36,143000,400,143100,143000,68365,51
14:35,143100,500,143100,143000,68314,132
14:34,143000,400,143100,143000,68182,79
14:33,143100,500,143100,143000,68103,90
14:32,143100,500,143100,143000,68013,980
14:31,143200,600,143200,143100,67033,210
14:30,143200,600,143200,143100,66823,529
14:29,143000,400,143100,143000,66294,90
14:28,143000,400,143100,143000,66204,7
14:27,143000,400,143100,143000,66197,170
14:26,143000,400,143100,143000,66027,10
14:25,143100,500,143100,143000,66017,86
14:24,143000,400,143100,143000,65931,67
14:23,143000,400,143100,143000,65864,136
14:22,143100,500,143100,143000,65728,97
14:21,143100,500,143100,143000,65631,117
14:20,143100,500,143100,143000,65514,100
14:19,143000,400,143100,143000,65414,130
14:18,143000,400,143100,143000,65284,142
14:17,143000,400,143100,143000,65142,74
14:16,143100,500,143200,143100,65068,1525
14:15,142800,200,142900,142800,63543,264
14:14,142900,300,143000,142900,63279,283
14:13,142900,300,143000,142900,62996,76
14:12,142900,300,143000,142900,62920,146
14:11,142900,300,143000,142900,62774,90
14:10,143000,400,143000,142900,62684,139
14:09,142900,300,143000,142900,62545,29
14:08,143000,400,143000,142900,62516,77
14:07,143000,400,143000,142900,62439,2
14:06,143000,400,143000,142900,62437,502
14:05,142800,200,142800,142700,61935,66
14:04,142700,100,142800,142700,61869,400
14:03,142900,300,142900,142800,61469,239
14:02,142900,300,143000,142900,61230,286
14:01,143000,400,143000,142900,60944,90
14:00,142900,300,143000,142900,60854,71
13:59,143000,400,143000,142900,60783,69
13:58,143100,500,143100,142900,60714,484
13:57,143100,500,143100,143000,60230,36
13:56,143100,500,143100,143000,60194,710
13:55,143000,400,143000,142900,59484,78
13:54,143000,400,143000,142900,59406,192
13:53,143000,400,143000,142900,59214,101
13:52,143000,400,143000,142900,59113,40
13:51,143000,400,143000,142900,59073,72
13:50,143000,400,143000,142900,59001,47
13:49,143000,400,143000,142900,58954,140
13:48,142900,300,143000,142900,58814,23
13:47,142900,300,143000,142900,58791,107
13:46,143000,400,143000,142900,58684,32
13:45,142900,300,143000,142900,58652,54
13:44,142900,300,143000,142900,58598,191
13:43,143000,400,143000,142900,58407,19
13:42,142900,300,143000,142900,58388,53
13:41,142900,300,143000,142900,58335,81
13:40,143000,400,143000,142900,58254,46
13:39,142900,300,143000,142900,58208,15
13:38,143000,400,143000,142900,58193,24
13:37,142900,300,143100,142900,58169,438
13:36,142900,300,143000,142900,57731,50
13:35,142900,300,143000,142900,57681,64
13:34,142900,300,143000,142900,57617,134
13:33,143000,400,143000,142900,57483,131
13:32,143000,400,143000,142900,57352,47
13:31,143000,400,143000,142900,57305,29
13:30,142900,300,143000,142900,57276,169
13:29,142900,300,143000,142900,57107,79
13:28,142900,300,143000,142900,57028,132
13:27,142900,300,143000,142900,56896,113
13:26,142900,300,143000,142900,56783,34
13:25,142900,300,143000,142900,56749,173
13:24,143000,400,143100,143000,56576,72
13:23,143000,400,143100,143000,56504,39
13:22,143100,500,143200,143100,56465,82
13:21,143100,500,143200,143100,56383,305
13:20,143200,600,143200,143100,56078,197
13:19,143100,500,143100,143000,55881,40
13:18,143100,500,143100,143000,55841,501
13:17,143000,400,143100,143000,55340,69
13:16,143000,400,143100,143000,55271,75
13:15,143000,400,143100,143000,55196,43
13:14,143000,400,143100,143000,55153,586
13:13,143200,600,143200,143100,54567,20
13:12,143100,500,143200,143100,54547,4
13:11,143100,500,143200,143100,54543,60
13:10,143200,600,143200,143100,54483,373
13:09,143100,500,143200,143100,54110,4
13:08,143200,600,143200,143100,54106,150
13:07,143200,600,143200,143100,53956,263
13:06,143200,600,143200,143100,53693,10
13:05,143100,500,143200,143100,53683,380
13:04,143100,500,143100,143000,53303,760
13:03,143100,500,143200,143100,52543,47
13:02,143200,600,143200,143100,52496,47
13:01,143100,500,143200,143100,52449,18
13:00,143100,500,143200,143100,52431,16
12:59,143100,500,143200,143100,52415,68
12:58,143100,500,143200,143100,52347,19
12:57,143200,600,143200,143100,52328,505
12:56,143300,700,143300,143200,51823,38
12:55,143300,700,143300,143200,51785,51
12:54,143300,700,143300,143200,51734,528
12:53,143100,500,143200,143100,51206,71
12:52,143200,600,143200,143100,51135,89
12:51,143100,500,143200,143100,51046,32
12:50,143200,600,143200,143100,51014,36
12:49,143200,600,143200,143100,50978,35
12:48,143100,500,143200,143100,50943,142
12:47,143100,500,143200,143100,50801,48
12:46,143200,600,143200,143100,50753,156
12:45,143200,600,143200,143100,50597,36
12:44,143200,600,143200,143100,50561,25
12:43,143200,600,143200,143100,50536,80
12:42,143200,600,143200,143100,50456,10
12:41,143100,500,143200,143100,50446,330
12:40,143200,600,143300,143200,50116,202
12:39,143300,700,143300,143200,49914,69
12:38,143200,600,143300,143100,49845,105
12:37,143100,500,143200,143100,49740,23
12:36,143200,600,143200,143100,49717,87
12:35,143200,600,143200,143100,49630,18
12:34,143200,600,143200,143100,49612,37
12:33,143100,500,143200,143100,49575,51
12:32,143200,600,143200,143100,49524,368
12:31,143100,500,143100,143000,49156,19
12:30,143100,500,143100,143000,49137,65
12:29,143100,500,143100,143000,49072,75
12:28,143100,500,143100,143000,48997,6
12:27,143100,500,143100,143000,48991,321
12:26,143000,400,143000,142900,48670,36
12:25,142900,300,143000,142900,48634,37
12:24,143000,400,143000,142900,48597,54
12:23,142900,300,143000,142900,48543,96
12:22,143000,400,143100,143000,48447,44
12:21,143000,400,143100,143000,48403,102
12:20,143100,500,143100,143000,48301,99
12:19,143000,400,143100,143000,48202,84
12:18,143000,400,143100,143000,48118,102
12:17,143000,400,143100,143000,48016,110
12:16,143100,500,143100,143000,47906,123
12:15,143000,400,143100,143000,47783,464
12:14,143200,600,143200,143100,47319,96
12:13,143200,600,143200,143100,47223,84
12:12,143200,600,143200,143100,47139,82
12:11,143200,600,143200,143100,47057,30
12:10,143100,500,143200,143100,47027,196
12:09,143200,600,143200,143100,46831,36
12:08,143100,500,143200,143100,46795,44
12:07,143200,600,143200,143100,46751,132
12:06,143200,600,143200,143100,46619,36
12:05,143100,500,143200,143100,46583,6
12:04,143200,600,143200,143100,46577,47
12:03,143100,500,143200,143100,46530,19
12:02,143100,500,143200,143100,46511,18
12:01,143200,600,143200,143100,46493,385
12:00,143000,400,143100,143000,46108,30
11:59,143100,500,143100,143000,46078,91
11:58,143000,400,143100,143000,45987,54
11:57,143100,500,143100,143000,45933,308
11:56,143100,500,143100,143000,45625,70
11:55,143100,500,143100,143000,45555,86
11:54,143000,400,143100,143000,45469,98
11:53,143100,500,143100,143000,45371,46
11:52,143100,500,143100,143000,45325,59
11:51,143100,500,143100,143000,45266,116
11:50,143000,400,143100,143000,45150,75
11:49,143000,400,143100,143000,45075,122
11:48,143100,500,143100,143000,44953,92
11:47,143000,400,143200,143000,44861,139
11:46,143200,600,143200,143000,44722,1
11:45,143200,600,143200,143000,44721,189
11:44,143200,600,143200,143100,44532,58
11:43,143100,500,143200,143100,44474,74
11:42,143300,700,143300,143200,44400,402
11:41,143300,700,143400,143300,43998,76
11:40,143400,800,143400,143300,43922,17
11:39,143300,700,143400,143300,43905,116
11:38,143400,800,143400,143300,43789,65
11:37,143300,700,143400,143300,43724,73
11:36,143400,800,143400,143300,43651,99
11:35,143300,700,143400,143300,43552,38
11:34,143400,800,143400,143300,43514,151
11:33,143300,700,143300,143200,43363,130
11:32,143200,600,143300,143200,43233,243
11:31,143300,700,143300,143200,42990,51
11:30,143300,700,143300,143200,42939,51
11:29,143200,600,143300,143200,42888,78
11:28,143200,600,143300,143200,42810,149
11:27,143300,700,143300,143200,42661,82
11:26,143200,600,143300,143200,42579,136
11:25,143200,600,143300,143200,42443,52
11:24,143300,700,143300,143200,42391,160
11:23,143200,600,143300,143200,42231,57
11:22,143300,700,143300,143200,42174,7
11:21,143300,700,143300,143200,42167,60
11:20,143200,600,143300,143200,42107,67
11:19,143200,600,143300,143200,42040,261
11:18,143300,700,143300,143200,41779,64
11:17,143200,600,143300,143200,41715,346
11:16,143300,700,143400,143300,41369,162
11:15,143400,800,143400,143300,41207,3
11:14,143400,800,143400,143300,41204,75
11:13,143300,700,143400,143300,41129,132
11:12,143300,700,143400,143300,40997,45
11:11,143400,800,143400,143300,40952,100
11:10,143400,800,143400,143300,40852,281
11:09,143400,800,143500,143400,40571,54
11:08,143400,800,143500,143400,40517,138
11:07,143300,700,143400,143300,40379,347
11:06,143300,700,143400,143300,40032,98
11:05,143300,700,143400,143300,39934,111
11:04,143500,900,143500,143400,39823,310
11:03,143500,900,143500,143400,39513,61
11:02,143400,800,143500,143400,39452,20
11:01,143500,900,143500,143400,39432,77
11:00,143500,900,143500,143400,39355,471
10:59,143300,700,143300,143200,38884,52
10:58,143300,700,143300,143200,38832,755
10:57,143400,800,143400,143300,38077,59
10:56,143300,700,143400,143300,38018,176
10:55,143300,700,143300,143200,37842,117
10:54,143200,600,143300,143200,37725,218
10:53,143400,800,143400,143300,37507,359
10:52,143100,500,143200,143100,37148,46
10:51,143100,500,143200,143100,37102,515
10:50,143300,700,143300,143200,36587,38
10:49,143200,600,143300,143200,36549,47
10:48,143300,700,143300,143200,36502,33
10:47,143300,700,143400,143300,36469,1109
10:46,143400,800,143400,143300,35360,103
10:45,143400,800,143400,143300,35257,120
10:44,143300,700,143400,143300,35137,26
10:43,143300,700,143400,143300,35111,160
10:42,143400,800,143400,143300,34951,52
10:41,143400,800,143400,143300,34899,95
10:40,143300,700,143400,143300,34804,117
10:39,143300,700,143400,143300,34687,90
10:38,143300,700,143400,143300,34597,67
10:37,143300,700,143400,143300,34530,151
10:36,143400,800,143400,143300,34379,5
10:35,143300,700,143400,143300,34374,57
10:34,143300,700,143400,143300,34317,98
10:33,143400,800,143500,143400,34219,305
10:32,143500,900,143600,143500,33914,389
10:31,143600,1000,143600,143500,33525,393
10:30,143500,900,143500,143400,33132,344
10:29,143400,800,143400,143300,32788,22
10:28,143300,700,143400,143300,32766,246
10:27,143500,900,143500,143400,32520,519
10:26,143300,700,143400,143300,32001,469
10:25,143300,700,143300,143200,31532,90
10:24,143300,700,143300,143200,31442,77
10:23,143200,600,143300,143200,31365,26
10:22,143200,600,143300,143200,31339,605
10:21,143100,500,143100,143000,30734,169
10:20,143000,400,143100,143000,30565,82
10:19,143000,400,143100,143000,30483,62
10:18,143100,500,143100,143000,30421,23
10:17,143100,500,143100,143000,30398,397
10:16,143200,600,143300,143200,30001,183
10:15,143200,600,143300,143200,29818,756
10:14,143400,800,143400,143300,29062,31
10:13,143400,800,143400,143300,29031,40
10:12,143300,700,143400,143300,28991,21
10:11,143300,700,143500,143300,28970,456
10:10,143500,900,143500,143400,28514,289
10:09,143400,800,143400,143300,28225,47
10:08,143400,800,143400,143300,28178,415
10:07,143300,700,143300,143200,27763,50
10:06,143300,700,143300,143200,27713,61
10:05,143300,700,143300,143200,27652,30
10:04,143300,700,143300,143200,27622,299
10:03,143200,600,143200,143100,27323,21
10:02,143200,600,143200,143100,27302,79
10:01,143200,600,143200,143100,27223,41
10:00,143100,500,143200,143100,27182,279
09:59,142900,300,143000,142900,26903,451
09:58,143100,500,143100,143000,26452,18
09:57,143000,400,143100,143000,26434,258
09:56,143100,500,143200,143100,26176,122
09:55,143100,500,143300,143100,26054,614
09:54,143400,800,143400,143300,25440,207
09:53,143300,700,143300,143200,25233,185
09:52,143200,600,143200,143100,25048,160
09:51,143100,500,143200,143100,24888,34
09:50,143200,600,143200,143100,24854,239
09:49,143000,400,143100,143000,24615,106
09:48,143000,400,143100,143000,24509,129
09:47,143100,500,143100,143000,24380,147
09:46,143100,500,143200,143100,24233,200
09:45,143000,400,143100,143000,24033,1251
09:44,143100,500,143100,143000,22782,63
09:43,143000,400,143100,143000,22719,141
09:42,142900,300,143000,142900,22578,181
09:41,142900,300,142900,142800,22397,327
09:40,143000,400,143000,142900,22070,126
09:39,142900,300,142900,142800,21944,31
09:38,142800,200,142900,142800,21913,428
09:37,143400,800,143400,143000,21485,227
09:36,143300,700,143200,143100,21258,900
09:35,142800,200,142900,142800,20358,933
09:34,143200,600,143200,143100,19425,324
09:33,143300,700,143400,143300,19101,97
09:32,143200,600,143400,143300,19004,1127
09:31,143300,700,143400,143300,17877,251
09:30,143600,1000,143700,143600,17626,671
09:29,143400,800,143500,143400,16955,45
09:28,143300,700,143400,143300,16910,343
09:27,143400,800,143400,143300,16567,46
09:26,143300,700,143400,143300,16521,370
09:25,143100,500,143200,143100,16151,169
09:24,143000,400,143100,143000,15982,329
09:23,143500,900,143500,143400,15653,14
09:22,143400,800,143400,143300,15639,337
09:21,143200,600,143300,143200,15302,674
09:20,142800,200,142900,142800,14628,1082
09:19,143300,700,143300,143200,13546,602
09:18,143100,500,143200,143100,12944,148
09:17,142900,300,143000,142900,12796,214
09:16,142900,300,143000,142900,12582,424
09:15,143300,700,143300,143200,12158,569
09:14,143500,900,143600,143500,11589,335
09:13,143400,800,143500,143400,11254,334
09:12,143500,900,143600,143500,10920,185
09:11,143600,1000,143600,143500,10735,532
09:10,143400,800,143500,143400,10203,1353
09:09,143600,1000,143700,143500,8850,444
09:08,143500,900,143600,143300,8406,337
09:07,143800,1200,143900,143800,8069,372
09:06,144100,1500,144200,144100,7697,487
09:05,143900,1300,144400,143900,7210,346
09:04,144500,1900,144600,144500,6864,864
09:03,145400,2800,145400,145300,6000,403
09:02,145400,2800,145500,145400,5597,821
09:01,144600,2000,145100,144500,4776,303
09:00,145500,2900,145500,145200,4473,4473
