﻿체결시각,체결가,전일비,매도,매수,거래량,변동량
15:55,169100,4200,0,169100,901917,10
15:53,169100,4200,0,169100,901907,1
15:52,169100,4200,0,169100,901906,2
15:50,169100,4200,0,169100,901904,1
15:49,169100,4200,0,169100,901903,25
15:48,169100,4200,0,169100,901878,8
15:47,169100,4200,0,169100,901870,1
15:46,169100,4200,0,169100,901869,13
15:45,169100,4200,0,0,901856,5
15:44,169100,4200,0,169100,901851,87
15:43,169100,4200,0,169100,901764,59
15:42,169100,4200,0,169100,901705,1
15:41,169100,4200,0,169100,901704,40
15:40,169100,4200,0,169100,901664,232
15:30,169100,4200,169200,169100,901432,163446
15:19,169200,4300,169200,169100,737986,4099
15:18,169400,4500,169400,169300,733887,2994
15:17,169300,4400,169400,169300,730893,824
15:16,169400,4500,169400,169300,730069,2135
15:15,169400,4500,169500,169400,727934,2895
15:14,169600,4700,169700,169500,725039,2589
15:13,169700,4800,169700,169600,722450,1037
15:12,169600,4700,169700,169600,721413,742
15:11,169600,4700,169700,169600,720671,2160
15:10,169600,4700,169700,169600,718511,3751
15:09,169800,4900,169900,169800,714760,6971
15:08,169900,5000,170000,169900,707789,4468
15:07,169900,5000,170000,169900,703321,1303
15:06,170000,5100,170000,169900,702018,1791
15:05,170000,5100,170000,169900,700227,1484
15:04,170000,5100,170000,169900,698743,1092
15:03,170000,5100,170000,169900,697651,1295
15:02,170000,5100,170000,169900,696356,1787
15:01,169900,5000,169900,169800,694569,1339
15:00,169900,5000,169900,169800,693230,887
14:59,169900,5000,169900,169800,692343,3203
14:58,169900,5000,169900,169800,689140,1657
14:57,169800,4900,169900,169800,687483,815
14:56,169900,5000,169900,169800,686668,2113
14:55,169800,4900,169800,169700,684555,1222
14:54,169800,4900,169800,169700,683333,1237
14:53,169700,4800,169800,169700,682096,1203
14:52,169800,4900,169800,169700,680893,1340
14:51,169800,4900,169800,169700,679553,964
14:50,169800,4900,169800,169700,678589,1413
14:49,169700,4800,169800,169700,677176,949
14:48,169700,4800,169800,169700,676227,1489
14:47,169600,4700,169700,169600,674738,644
14:46,169700,4800,169700,169600,674094,3475
14:45,169800,4900,169800,169700,670619,1396
14:44,169800,4900,169800,169700,669223,1728
14:43,169800,4900,169800,169700,667495,719
14:42,169800,4900,169800,169700,666776,2515
14:41,169700,4800,169800,169700,664261,425
14:40,169800,4900,169800,169700,663836,1132
14:39,169700,4800,169700,169600,662704,661
14:38,169600,4700,169700,169600,662043,1762
14:37,169800,4900,169800,169700,660281,727
14:36,169600,4700,169600,169500,659554,593
14:35,169500,4600,169600,169500,658961,1585
14:34,169500,4600,169500,169400,657376,665
14:33,169500,4600,169500,169400,656711,9513
14:32,169600,4700,169700,169600,647198,577
14:31,169700,4800,169700,169600,646621,708
14:30,169700,4800,169700,169600,645913,4217
14:29,169700,4800,169800,169700,641696,1132
14:28,169800,4900,169800,169700,640564,931
14:27,169700,4800,169800,169700,639633,852
14:26,169700,4800,169800,169700,638781,1207
14:25,169800,4900,169800,169700,637574,955
14:24,169800,4900,169800,169700,636619,1102
14:23,169800,4900,169800,169700,635517,6229
14:22,169900,5000,169900,169800,629288,1375
14:21,169800,4900,169900,169800,627913,1792
14:20,169800,4900,169800,169700,626121,918
14:19,169800,4900,169800,169700,625203,3956
14:18,169900,5000,169900,169800,621247,1479
14:17,169800,4900,169900,169800,619768,1271
14:16,169900,5000,169900,169800,618497,1190
14:15,169900,5000,169900,169800,617307,715
14:14,169900,5000,169900,169800,616592,1313
14:13,169800,4900,169900,169800,615279,907
14:12,169900,5000,169900,169800,614372,789
14:11,169800,4900,169900,169800,613583,1824
14:10,169900,5000,169900,169800,611759,1553
14:09,169800,4900,169900,169800,610206,1122
14:08,169800,4900,169800,169700,609084,971
14:07,169800,4900,169800,169700,608113,1124
14:06,169800,4900,169800,169700,606989,1129
14:05,169800,4900,169800,169700,605860,1031
14:04,169700,4800,169800,169700,604829,1112
14:03,169700,4800,169800,169700,603717,1191
14:02,169800,4900,169800,169700,602526,902
14:01,169700,4800,169800,169700,601624,704
14:00,169800,4900,169800,169700,600920,479
13:59,169700,4800,169800,169600,600441,2556
13:58,169900,5000,169900,169800,597885,2197
13:57,169900,5000,169900,169800,595688,1158
13:56,169800,4900,169900,169800,594530,2734
13:55,169900,5000,169900,169800,591796,3495
13:54,169700,4800,169800,169700,588301,916
13:53,169800,4900,169800,169700,587385,941
13:52,169700,4800,169800,169700,586444,753
13:51,169800,4900,169800,169700,585691,1039
13:50,169700,4800,169800,169700,584652,1222
13:49,169700,4800,169700,169600,583430,704
13:48,169700,4800,169700,169600,582726,3031
13:47,169800,4900,169800,169700,579695,710
13:46,169700,4800,169800,169700,578985,1725
13:45,169700,4800,169700,169600,577260,608
13:44,169700,4800,169700,169600,576652,696
13:43,169600,4700,169600,169500,575956,554
13:42,169600,4700,169600,169400,575402,2357
13:41,169400,4500,169400,169300,573045,596
13:40,169400,4500,169400,169300,572449,431
13:39,169400,4500,169400,169300,572018,1010
13:38,169400,4500,169400,169300,571008,531
13:37,169300,4400,169300,169200,570477,974
13:36,169200,4300,169300,169200,569503,955
13:35,169300,4400,169300,169200,568548,1660
13:34,169200,4300,169200,169100,566888,371
13:33,169100,4200,169200,169100,566517,3908
13:32,169300,4400,169300,169200,562609,431
13:31,169300,4400,169300,169200,562178,533
13:30,169300,4400,169300,169200,561645,785
13:29,169200,4300,169300,169200,560860,727
13:28,169300,4400,169300,169200,560133,380
13:27,169300,4400,169300,169200,559753,271
13:26,169300,4400,169300,169200,559482,934
13:25,169300,4400,169300,169200,558548,529
13:24,169200,4300,169300,169200,558019,821
13:23,169300,4400,169300,169200,557198,2125
13:22,169300,4400,169400,169300,555073,512
13:21,169400,4500,169400,169300,554561,382
13:20,169300,4400,169400,169300,554179,721
13:19,169400,4500,169400,169300,553458,338
13:18,169400,4500,169400,169300,553120,455
13:17,169400,4500,169400,169300,552665,874
13:16,169400,4500,169400,169300,551791,2131
13:15,169300,4400,169400,169300,549660,989
13:14,169300,4400,169400,169300,548671,341
13:13,169400,4500,169400,169300,548330,711
13:12,169400,4500,169400,169300,547619,398
13:11,169300,4400,169400,169300,547221,1098
13:10,169300,4400,169400,169300,546123,3890
13:09,169500,4600,169600,169500,542233,2238
13:08,169700,4800,169700,169600,539995,533
13:07,169700,4800,169700,169600,539462,549
13:06,169600,4700,169700,169600,538913,290
13:05,169700,4800,169700,169600,538623,358
13:04,169600,4700,169700,169600,538265,166
13:03,169700,4800,169700,169600,538099,552
13:02,169700,4800,169700,169600,537547,493
13:01,169700,4800,169700,169600,537054,2486
13:00,169700,4800,169800,169700,534568,730
12:59,169800,4900,169800,169700,533838,497
12:58,169800,4900,169800,169700,533341,635
12:57,169600,4700,169700,169600,532706,662
12:56,169700,4800,169700,169600,532044,604
12:55,169700,4800,169700,169600,531440,837
12:54,169700,4800,169700,169600,530603,666
12:53,169600,4700,169700,169600,529937,950
12:52,169700,4800,169700,169600,528987,522
12:51,169600,4700,169700,169600,528465,3916
12:50,169800,4900,169800,169700,524549,658
12:49,169800,4900,169800,169700,523891,529
12:48,169800,4900,169800,169700,523362,1431
12:47,169800,4900,169900,169800,521931,1953
12:46,169800,4900,169800,169700,519978,1792
12:45,169700,4800,169800,169700,518186,660
12:44,169800,4900,169800,169700,517526,795
12:43,169700,4800,169800,169700,516731,667
12:42,169700,4800,169700,169600,516064,596
12:41,169600,4700,169700,169600,515468,788
12:40,169700,4800,169700,169600,514680,598
12:39,169600,4700,169700,169600,514082,630
12:38,169700,4800,169700,169600,513452,1191
12:37,169600,4700,169600,169500,512261,495
12:36,169600,4700,169600,169500,511766,727
12:35,169600,4700,169600,169500,511039,589
12:34,169500,4600,169600,169500,510450,496
12:33,169600,4700,169600,169500,509954,792
12:32,169600,4700,169600,169500,509162,654
12:31,169500,4600,169500,169400,508508,1001
12:30,169500,4600,169500,169400,507507,598
12:29,169500,4600,169500,169400,506909,691
12:28,169500,4600,169500,169400,506218,342
12:27,169400,4500,169500,169400,505876,675
12:26,169500,4600,169500,169400,505201,497
12:25,169500,4600,169500,169400,504704,655
12:24,169400,4500,169500,169400,504049,553
12:23,169400,4500,169500,169400,503496,794
12:22,169500,4600,169500,169400,502702,539
12:21,169500,4600,169500,169400,502163,396
12:20,169500,4600,169500,169400,501767,582
12:19,169400,4500,169500,169400,501185,799
12:18,169500,4600,169500,169400,500386,503
12:17,169400,4500,169500,169400,499883,498
12:16,169400,4500,169500,169400,499385,620
12:15,169400,4500,169500,169400,498765,669
12:14,169500,4600,169500,169400,498096,605
12:13,169400,4500,169500,169400,497491,505
12:12,169400,4500,169500,169400,496986,664
12:11,169300,4400,169400,169300,496322,629
12:10,169300,4400,169400,169300,495693,953
12:09,169300,4400,169300,169200,494740,633
12:08,169400,4500,169400,169300,494107,1008
12:07,169200,4300,169300,169200,493099,885
12:06,169400,4500,169400,169300,492214,1137
12:05,169400,4500,169400,169300,491077,840
12:04,169400,4500,169400,169300,490237,407
12:03,169300,4400,169400,169300,489830,597
12:02,169300,4400,169400,169300,489233,354
12:01,169400,4500,169400,169300,488879,774
12:00,169400,4500,169400,169300,488105,955
11:59,169400,4500,169400,169300,487150,939
11:58,169400,4500,169400,169300,486211,831
11:57,169400,4500,169400,169300,485380,566
11:56,169400,4500,169400,169300,484814,1341
11:55,169400,4500,169400,169300,483473,1872
11:54,169500,4600,169500,169400,481601,572
11:53,169400,4500,169500,169400,481029,5443
11:52,169600,4700,169600,169500,475586,742
11:51,169600,4700,169600,169500,474844,1657
11:50,169500,4600,169500,169400,473187,736
11:49,169500,4600,169500,169400,472451,6046
11:48,169700,4800,169800,169700,466405,547
11:47,169700,4800,169800,169700,465858,458
11:46,169800,4900,169800,169700,465400,565
11:45,169800,4900,169800,169700,464835,563
11:44,169700,4800,169800,169700,464272,958
11:43,169800,4900,169800,169700,463314,783
11:42,169700,4800,169800,169700,462531,859
11:41,169800,4900,169800,169700,461672,515
11:40,169700,4800,169800,169700,461157,512
11:39,169800,4900,169800,169700,460645,712
11:38,169800,4900,169800,169700,459933,622
11:37,169800,4900,169800,169700,459311,1343
11:36,169900,5000,169900,169800,457968,810
11:35,169900,5000,169900,169800,457158,293
11:34,169800,4900,169900,169800,456865,1016
11:33,169800,4900,169900,169800,455849,969
11:32,169700,4800,169800,169700,454880,743
11:31,169800,4900,169900,169800,454137,2866
11:30,169800,4900,169900,169800,451271,4673
11:29,169800,4900,169800,169700,446598,1109
11:28,169800,4900,169800,169700,445489,2905
11:27,169900,5000,169900,169800,442584,639
11:26,169800,4900,169900,169800,441945,282
11:25,169900,5000,169900,169800,441663,845
11:24,169900,5000,169900,169800,440818,314
11:23,169900,5000,169900,169800,440504,2327
11:22,170000,5100,170000,169900,438177,708
11:21,170000,5100,170000,169900,437469,845
11:20,170000,5100,170000,169900,436624,5271
11:19,169900,5000,169900,169800,431353,793
11:18,169900,5000,169900,169800,430560,1698
11:17,169800,4900,169800,169700,428862,590
11:16,169800,4900,169800,169700,428272,1919
11:15,169800,4900,169800,169700,426353,956
11:14,169800,4900,169800,169700,425397,850
11:13,169800,4900,169800,169700,424547,441
11:12,169700,4800,169800,169700,424106,559
11:11,169800,4900,169800,169700,423547,930
11:10,169800,4900,169800,169700,422617,539
11:09,169700,4800,169800,169700,422078,753
11:08,169800,4900,169800,169700,421325,890
11:07,169700,4800,169800,169700,420435,3582
11:06,169700,4800,169700,169600,416853,432
11:05,169700,4800,169700,169600,416421,771
11:04,169700,4800,169700,169600,415650,682
11:03,169700,4800,169700,169600,414968,1818
11:02,169600,4700,169700,169600,413150,729
11:01,169700,4800,169700,169600,412421,722
11:00,169700,4800,169700,169600,411699,1489
10:59,169400,4500,169500,169400,410210,3064
10:58,169600,4700,169700,169600,407146,2350
10:57,169700,4800,169700,169600,404796,2775
10:56,169800,4900,169800,169700,402021,406
10:55,169800,4900,169800,169700,401615,1147
10:54,169800,4900,169800,169700,400468,623
10:53,169700,4800,169800,169700,399845,359
10:52,169800,4900,169800,169700,399486,1056
10:51,169600,4700,169600,169500,398430,2049
10:50,169500,4600,169600,169500,396381,586
10:49,169600,4700,169600,169500,395795,623
10:48,169600,4700,169600,169500,395172,2166
10:47,169500,4600,169600,169500,393006,495
10:46,169600,4700,169600,169500,392511,665
10:45,169600,4700,169600,169500,391846,538
10:44,169600,4700,169600,169500,391308,493
10:43,169500,4600,169600,169500,390815,2254
10:42,169700,4800,169700,169600,388561,2608
10:41,169400,4500,169500,169400,385953,935
10:40,169400,4500,169500,169400,385018,1100
10:39,169400,4500,169500,169400,383918,3342
10:38,169700,4800,169700,169600,380576,6618
10:37,170200,5300,170300,170200,373958,1659
10:36,170100,5200,170200,170100,372299,658
10:35,170200,5300,170200,170100,371641,8050
10:34,169900,5000,170000,169900,363591,1409
10:33,170000,5100,170000,169900,362182,1106
10:32,169900,5000,170000,169900,361076,1724
10:31,169900,5000,170000,169900,359352,2604
10:30,170000,5100,170000,169900,356748,4426
10:29,170100,5200,170100,170000,352322,5247
10:28,170100,5200,170100,170000,347075,9605
10:27,169900,5000,170000,169900,337470,5968
10:26,169700,4800,169800,169700,331502,456
10:25,169700,4800,169800,169700,331046,715
10:24,169700,4800,169800,169700,330331,1607
10:23,169700,4800,169700,169600,328724,840
10:22,169700,4800,169700,169600,327884,668
10:21,169600,4700,169700,169600,327216,617
10:20,169700,4800,169700,169600,326599,489
10:19,169700,4800,169700,169600,326110,2078
10:18,169700,4800,169700,169600,324032,1277
10:17,169700,4800,169700,169600,322755,2864
10:16,169500,4600,169600,169500,319891,659
10:15,169600,4700,169600,169500,319232,3037
10:14,169500,4600,169500,169400,316195,1866
10:13,169300,4400,169400,169300,314329,473
10:12,169300,4400,169400,169300,313856,1603
10:11,169500,4600,169500,169400,312253,2271
10:10,169300,4400,169400,169300,309982,2358
10:09,169500,4600,169500,169400,307624,471
10:08,169500,4600,169500,169400,307153,1689
10:07,169500,4600,169500,169400,305464,864
10:06,169400,4500,169500,169400,304600,1591
10:05,169600,4700,169600,169500,303009,1071
10:04,169600,4700,169600,169500,301938,922
10:03,169600,4700,169700,169500,301016,3858
10:02,169500,4600,169500,169400,297158,801
10:01,169400,4500,169500,169400,296357,1819
10:00,169600,4700,169600,169500,294538,3133
09:59,169800,4900,169800,169700,291405,1132
09:58,169700,4800,169700,169600,290273,3747
09:57,169700,4800,169700,169600,286526,1382
09:56,169800,4900,169800,169700,285144,987
09:55,169800,4900,169800,169700,284157,2859
09:54,169700,4800,169700,169600,281298,5499
09:53,169900,5000,169900,169800,275799,9949
09:52,170000,5100,170000,169900,265850,6051
09:51,169800,4900,169900,169800,259799,2506
09:50,169900,5000,169900,169800,257293,3427
09:49,169800,4900,169800,169700,253866,4768
09:48,169400,4500,169400,169300,249098,10747
09:47,169300,4400,169300,169200,238351,1077
09:46,169300,4400,169200,169100,237274,3655
09:45,169200,4300,169200,169100,233619,2074
09:44,169200,4300,169300,169200,231545,1205
09:43,169300,4400,169400,169300,230340,3035
09:42,169000,4100,169000,168900,227305,3324
09:41,168900,4000,169000,168900,223981,4281
09:40,169400,4500,169400,169300,219700,6995
09:39,169700,4800,169700,169600,212705,5131
09:38,169500,4600,169600,169500,207574,11248
09:37,169200,4300,169300,169200,196326,3413
09:36,169000,4100,169100,169000,192913,1931
09:35,169000,4100,169100,169000,190982,3605
09:34,168900,4000,169000,168900,187377,5688
09:33,169000,4100,169000,168900,181689,5292
09:32,168900,4000,169000,168900,176397,2476
09:31,168900,4000,168900,168800,173921,17110
09:30,168400,3500,168500,168400,156811,4996
09:29,168500,3600,168500,168400,151815,3690
09:28,168500,3600,168600,168500,148125,6271
09:27,168400,3500,168400,168300,141854,4190
09:26,168200,3300,168200,168100,137664,1757
09:25,168100,3200,168100,168000,135907,2543
09:24,168000,3100,168000,167900,133364,2849
09:23,167800,2900,168000,167800,130515,2600
09:22,167800,2900,167800,167700,127915,3813
09:21,167800,2900,167800,167700,124102,1344
09:20,167900,3000,167900,167800,122758,2843
09:19,168100,3200,168100,168000,119915,2330
09:18,167600,2700,167700,167600,117585,3551
09:17,167500,2600,167600,167500,114034,4259
09:16,168000,3100,168000,167900,109775,8392
09:15,168300,3400,168300,168200,101383,4134
09:14,168100,3200,168100,168000,97249,3262
09:13,168200,3300,168200,168100,93987,4980
09:12,168400,3500,168500,168400,89007,6952
09:11,168500,3600,168600,168500,82055,6873
09:10,168600,3700,168900,168800,75182,15004
09:09,168100,3200,167900,167800,60178,11195
09:08,167200,2300,167200,167100,48983,4326
09:07,167000,2100,167000,166900,44657,6160
09:06,167200,2300,167200,167100,38497,10502
09:05,166100,1200,166200,166100,27995,3856
09:04,166200,1300,166200,166100,24139,4090
09:03,166100,1200,166200,166100,20049,4176
09:02,166000,1100,166000,165800,15873,3515
09:01,166100,1200,166100,166000,12358,5218
09:00,165600,700,165700,165600,7140,7140
