﻿체결시각,체결가,전일비,매도,매수,거래량,변동량
15:57,160100,100,160100,0,319056,1
15:56,160100,100,160100,0,319055,4
15:55,160100,100,160100,0,319051,1
15:54,160100,100,160100,0,319050,1
15:53,160100,100,160100,0,319049,10
15:50,160100,100,160100,0,319039,9
15:49,160100,100,160100,0,319030,32
15:48,160100,100,160100,0,318998,5
15:47,160100,100,160100,0,318993,14
15:46,160100,100,160100,0,318979,15
15:45,160100,100,0,0,318964,12
15:44,160100,100,160100,0,318952,152
15:43,160100,100,160100,0,318800,50
15:42,160100,100,160100,0,318750,4
15:41,160100,100,160100,0,318746,256
15:40,160100,100,160100,0,318490,497
15:30,160100,100,160200,160100,317993,52213
15:19,159900,100,160000,159900,265780,1070
15:18,160000,0,160000,159900,264710,1472
15:17,159900,100,159900,159800,263238,1048
15:16,159800,200,159900,159800,262190,520
15:15,159900,100,159900,159800,261670,808
15:14,159900,100,159900,159800,260862,1695
15:13,159900,100,159900,159800,259167,1779
15:12,160000,0,160000,159800,257388,1138
15:11,160000,0,160000,159800,256250,834
15:10,159900,100,159900,159800,255416,659
15:09,159900,100,159900,159800,254757,509
15:08,159900,100,159900,159800,254248,1055
15:07,159900,100,159900,159800,253193,238
15:06,159900,100,159900,159800,252955,343
15:05,159900,100,159900,159800,252612,1066
15:04,159800,200,159900,159800,251546,529
15:03,159800,200,159900,159800,251017,470
15:02,159800,200,159900,159700,250547,554
15:01,159800,200,159800,159700,249993,456
15:00,159800,200,159800,159700,249537,1722
14:59,159800,200,159900,159800,247815,1330
14:58,159800,200,159900,159700,246485,514
14:57,159800,200,159900,159800,245971,962
14:56,159900,100,159900,159800,245009,269
14:55,159800,200,159900,159800,244740,1469
14:54,159800,200,159900,159800,243271,457
14:53,159900,100,159900,159800,242814,1064
14:52,159900,100,159900,159800,241750,400
14:51,159800,200,159900,159800,241350,181
14:50,159800,200,159900,159800,241169,424
14:49,159800,200,159900,159800,240745,944
14:48,159900,100,159900,159800,239801,560
14:47,159900,100,159900,159800,239241,322
14:46,159800,200,159900,159800,238919,269
14:45,159900,100,159900,159800,238650,2312
14:44,159900,100,160000,159900,236338,320
14:43,159800,200,159900,159800,236018,1602
14:42,160100,100,160100,160000,234416,5438
14:41,159900,100,160000,159900,228978,425
14:40,159900,100,160000,159900,228553,918
14:39,159900,100,160000,159900,227635,391
14:38,160000,0,160000,159900,227244,433
14:37,160000,0,160000,159900,226811,295
14:36,159900,100,160000,159900,226516,193
14:35,159900,100,160000,159900,226323,432
14:34,159800,200,159900,159800,225891,1163
14:33,160000,0,160000,159900,224728,2264
14:32,159900,100,159900,159800,222464,1267
14:31,159800,200,159800,159700,221197,221
14:30,159800,200,159800,159700,220976,302
14:29,159600,400,159700,159600,220674,346
14:28,159600,400,159700,159600,220328,238
14:27,159600,400,159700,159600,220090,360
14:26,159600,400,159700,159600,219730,284
14:25,159700,300,159700,159600,219446,152
14:24,159600,400,159600,159500,219294,527
14:23,159600,400,159600,159500,218767,604
14:22,159600,400,159600,159500,218163,139
14:21,159600,400,159600,159500,218024,308
14:20,159400,600,159500,159400,217716,197
14:19,159400,600,159500,159400,217519,124
14:18,159500,500,159600,159500,217395,244
14:17,159500,500,159600,159500,217151,127
14:16,159500,500,159600,159500,217024,208
14:15,159600,400,159600,159500,216816,1584
14:14,159700,300,159700,159600,215232,330
14:13,159700,300,159800,159700,214902,201
14:12,159800,200,159800,159700,214701,2756
14:11,159600,400,159700,159600,211945,107
14:10,159700,300,159700,159600,211838,532
14:09,159700,300,159700,159600,211306,80
14:08,159700,300,159700,159600,211226,145
14:07,159700,300,159700,159600,211081,79
14:06,159600,400,159700,159600,211002,141
14:05,159600,400,159700,159600,210861,558
14:04,159600,400,159600,159500,210303,461
14:03,159600,400,159600,159500,209842,1530
14:02,159800,200,159900,159800,208312,332
14:01,159800,200,159900,159800,207980,894
14:00,159800,200,159800,159700,207086,130
13:59,159800,200,159800,159700,206956,257
13:58,159800,200,159800,159700,206699,84
13:57,159700,300,159800,159700,206615,240
13:56,159800,200,159800,159700,206375,95
13:55,159800,200,159800,159700,206280,127
13:54,159800,200,159800,159700,206153,729
13:53,159800,200,159900,159800,205424,998
13:52,159800,200,159800,159700,204426,2409
13:51,159600,400,159600,159500,202017,857
13:50,159700,300,159700,159600,201160,207
13:49,159600,400,159700,159600,200953,139
13:48,159600,400,159600,159500,200814,885
13:47,159700,300,159700,159600,199929,150
13:46,159700,300,159700,159600,199779,143
13:45,159600,400,159700,159600,199636,251
13:44,159700,300,159700,159600,199385,2053
13:43,159400,600,159500,159400,197332,147
13:42,159500,500,159500,159400,197185,74
13:41,159400,600,159500,159400,197111,271
13:40,159400,600,159400,159300,196840,144
13:39,159300,700,159400,159300,196696,617
13:38,159400,600,159400,159300,196079,191
13:37,159400,600,159400,159300,195888,409
13:36,159300,700,159400,159300,195479,276
13:35,159400,600,159400,159300,195203,844
13:34,159300,700,159300,159200,194359,853
13:33,159300,700,159300,159200,193506,139
13:32,159200,800,159300,159200,193367,122
13:31,159300,700,159300,159200,193245,271
13:30,159300,700,159300,159200,192974,261
13:29,159200,800,159300,159200,192713,130
13:28,159200,800,159300,159200,192583,197
13:27,159300,700,159300,159200,192386,430
13:26,159300,700,159300,159200,191956,1017
13:25,159300,700,159300,159200,190939,65
13:24,159300,700,159300,159200,190874,200
13:23,159200,800,159300,159200,190674,194
13:22,159300,700,159300,159200,190480,168
13:21,159200,800,159300,159200,190312,342
13:20,159300,700,159300,159200,189970,434
13:19,159200,800,159300,159200,189536,458
13:18,159400,600,159400,159300,189078,103
13:17,159400,600,159400,159300,188975,87
13:16,159400,600,159400,159300,188888,233
13:15,159400,600,159400,159300,188655,197
13:14,159400,600,159400,159300,188458,272
13:13,159200,800,159300,159200,188186,405
13:12,159300,700,159300,159200,187781,275
13:11,159300,700,159300,159200,187506,296
13:10,159200,800,159200,159100,187210,312
13:09,159200,800,159300,159200,186898,232
13:08,159100,900,159200,159100,186666,839
13:07,159400,600,159400,159200,185827,326
13:06,159300,700,159300,159200,185501,602
13:05,159300,700,159400,159300,184899,593
13:04,159500,500,159500,159400,184306,426
13:03,159400,600,159500,159400,183880,127
13:02,159600,400,159600,159400,183753,325
13:01,159500,500,159600,159500,183428,199
13:00,159600,400,159600,159500,183229,575
12:59,159600,400,159600,159500,182654,147
12:58,159600,400,159600,159500,182507,403
12:57,159700,300,159700,159600,182104,80
12:56,159600,400,159700,159600,182024,665
12:55,159600,400,159700,159600,181359,89
12:54,159600,400,159700,159600,181270,220
12:53,159600,400,159700,159600,181050,98
12:52,159600,400,159700,159600,180952,196
12:51,159600,400,159600,159500,180756,493
12:50,159600,400,159700,159600,180263,292
12:49,159700,300,159700,159600,179971,1117
12:48,159500,500,159600,159500,178854,226
12:47,159600,400,159600,159500,178628,188
12:46,159600,400,159700,159600,178440,216
12:45,159600,400,159700,159600,178224,156
12:44,159600,400,159700,159600,178068,912
12:43,159300,700,159400,159300,177156,276
12:42,159600,400,159600,159400,176880,71
12:41,159500,500,159600,159500,176809,203
12:40,159500,500,159600,159500,176606,951
12:39,159400,600,159400,159300,175655,301
12:38,159500,500,159500,159400,175354,86
12:37,159400,600,159500,159400,175268,94
12:36,159500,500,159500,159400,175174,331
12:35,159500,500,159500,159400,174843,264
12:34,159400,600,159500,159400,174579,72
12:33,159500,500,159500,159400,174507,95
12:32,159500,500,159500,159400,174412,98
12:31,159500,500,159500,159400,174314,232
12:30,159400,600,159500,159400,174082,31
12:29,159400,600,159500,159400,174051,443
12:28,159600,400,159600,159500,173608,92
12:27,159600,400,159600,159500,173516,54
12:26,159500,500,159600,159500,173462,52
12:25,159600,400,159600,159400,173410,767
12:24,159200,800,159300,159200,172643,123
12:23,159400,600,159400,159300,172520,184
12:22,159200,800,159300,159200,172336,113
12:21,159300,700,159300,159200,172223,108
12:20,159300,700,159300,159200,172115,61
12:19,159300,700,159300,159200,172054,231
12:18,159400,600,159400,159300,171823,180
12:17,159300,700,159300,159200,171643,95
12:16,159200,800,159300,159200,171548,92
12:15,159200,800,159300,159200,171456,84
12:14,159200,800,159300,159200,171372,658
12:13,159200,800,159200,159100,170714,464
12:12,159100,900,159200,159000,170250,254
12:11,159000,1000,159100,159000,169996,244
12:10,159000,1000,159000,158900,169752,985
12:09,159100,900,159100,159000,168767,139
12:08,159100,900,159100,159000,168628,67
12:07,159000,1000,159100,159000,168561,185
12:06,158900,1100,159200,158900,168376,248
12:05,159000,1000,159100,159000,168128,974
12:04,159000,1000,159100,159000,167154,91
12:03,159000,1000,159100,159000,167063,415
12:02,159100,900,159100,159000,166648,165
12:01,159100,900,159100,159000,166483,238
12:00,159100,900,159100,159000,166245,99
11:59,159000,1000,159100,159000,166146,60
11:58,159100,900,159100,159000,166086,70
11:57,159100,900,159100,159000,166016,149
11:56,159100,900,159100,159000,165867,797
11:55,159000,1000,159100,159000,165070,154
11:54,159000,1000,159100,159000,164916,85
11:53,159100,900,159100,159000,164831,387
11:52,159000,1000,159100,159000,164444,107
11:51,159100,900,159100,159000,164337,104
11:50,159100,900,159100,159000,164233,509
11:49,159000,1000,159100,159000,163724,298
11:48,159100,900,159100,159000,163426,538
11:47,159100,900,159200,159100,162888,769
11:46,158900,1100,159000,158900,162119,196
11:45,158900,1100,159000,158900,161923,94
11:44,159100,900,159100,158900,161829,1934
11:43,159000,1000,159100,159000,159895,455
11:42,159000,1000,159100,159000,159440,2554
11:41,159200,800,159200,159100,156886,355
11:40,159200,800,159200,159100,156531,128
11:39,159100,900,159200,159100,156403,174
11:38,159200,800,159200,159100,156229,452
11:37,159200,800,159200,159100,155777,157
11:36,159200,800,159200,159100,155620,247
11:35,159200,800,159300,159200,155373,113
11:34,159300,700,159400,159300,155260,206
11:33,159300,700,159400,159300,155054,1168
11:32,159200,800,159300,159200,153886,1175
11:31,159200,800,159300,159200,152711,1360
11:30,159300,700,159300,159200,151351,1364
11:29,159400,600,159400,159300,149987,351
11:28,159400,600,159400,159300,149636,121
11:27,159400,600,159400,159300,149515,649
11:26,159500,500,159500,159400,148866,170
11:25,159500,500,159500,159400,148696,340
11:24,159400,600,159500,159400,148356,299
11:23,159400,600,159500,159400,148057,974
11:22,159300,700,159400,159300,147083,463
11:21,159400,600,159400,159300,146620,870
11:20,159400,600,159500,159400,145750,967
11:19,159600,400,159600,159500,144783,145
11:18,159600,400,159600,159500,144638,259
11:17,159600,400,159700,159500,144379,470
11:16,159700,300,159700,159600,143909,265
11:15,159600,400,159700,159600,143644,37
11:14,159700,300,159700,159600,143607,64
11:13,159700,300,159700,159600,143543,112
11:12,159700,300,159700,159600,143431,218
11:11,159700,300,159700,159600,143213,121
11:10,159600,400,159600,159500,143092,150
11:09,159600,400,159700,159600,142942,1605
11:08,159400,600,159400,159300,141337,245
11:07,159400,600,159400,159300,141092,272
11:06,159400,600,159400,159300,140820,959
11:05,159400,600,159400,159300,139861,598
11:04,159400,600,159400,159300,139263,269
11:03,159300,700,159500,159300,138994,380
11:02,159400,600,159500,159300,138614,199
11:01,159300,700,159400,159300,138415,245
11:00,159500,500,159500,159400,138170,1038
10:59,159600,400,159600,159500,137132,655
10:58,159700,300,159700,159600,136477,107
10:57,159600,400,159700,159600,136370,132
10:56,159700,300,159700,159600,136238,896
10:55,159500,500,159600,159500,135342,141
10:54,159500,500,159600,159500,135201,290
10:53,159600,400,159600,159500,134911,608
10:52,159500,500,159500,159400,134303,407
10:51,159500,500,159600,159500,133896,124
10:50,159600,400,159600,159500,133772,1115
10:49,159500,500,159500,159400,132657,4035
10:48,159400,600,159500,159400,128622,224
10:47,159500,500,159600,159500,128398,6606
10:46,159700,300,159800,159700,121792,1315
10:45,159900,100,159900,159800,120477,287
10:44,159800,200,159900,159800,120190,334
10:43,159800,200,159900,159800,119856,212
10:42,159900,100,159900,159800,119644,191
10:41,159900,100,160000,159800,119453,826
10:40,159900,100,160000,159900,118627,147
10:39,159900,100,160000,159900,118480,195
10:38,160000,0,160000,159900,118285,144
10:37,160000,0,160000,159900,118141,104
10:36,160000,0,160000,159900,118037,397
10:35,159900,100,160000,159900,117640,232
10:34,159900,100,159900,159800,117408,243
10:33,160000,0,160000,159900,117165,1871
10:32,160000,0,160100,160000,115294,193
10:31,160100,100,160100,160000,115101,438
10:30,160200,200,160200,160100,114663,181
10:29,160100,100,160200,160100,114482,311
10:28,160100,100,160200,160100,114171,394
10:27,160100,100,160200,160100,113777,294
10:26,160100,100,160200,160100,113483,1438
10:25,160000,0,160000,159900,112045,893
10:24,159900,100,160000,159900,111152,2186
10:23,160100,100,160100,160000,108966,198
10:22,160100,100,160100,160000,108768,130
10:21,160100,100,160100,160000,108638,313
10:20,160100,100,160100,160000,108325,728
10:19,160100,100,160100,160000,107597,1314
10:18,160100,100,160100,160000,106283,440
10:17,160100,100,160200,160100,105843,520
10:16,160100,100,160200,160100,105323,1151
10:15,160000,0,160000,159900,104172,1298
10:14,159900,100,159900,159800,102874,99
10:13,159900,100,159900,159800,102775,135
10:12,159900,100,159900,159800,102640,98
10:11,159900,100,159900,159800,102542,237
10:10,159900,100,160000,159900,102305,146
10:09,160000,0,160000,159900,102159,856
10:08,160100,100,160100,160000,101303,890
10:07,160200,200,160200,160100,100413,932
10:06,160200,200,160000,159900,99481,5146
10:05,159800,200,159800,159700,94335,776
10:04,159800,200,159800,159700,93559,1643
10:03,159800,200,159800,159700,91916,173
10:02,159700,300,159800,159700,91743,107
10:01,159900,100,159900,159800,91636,133
10:00,159800,200,159800,159700,91503,238
09:59,159800,200,159900,159800,91265,107
09:58,159800,200,159900,159800,91158,163
09:57,159900,100,159900,159700,90995,354
09:56,159900,100,159900,159800,90641,771
09:55,159700,300,159800,159700,89870,168
09:54,159800,200,159800,159700,89702,412
09:53,159800,200,159900,159800,89290,1241
09:52,159900,100,159900,159800,88049,200
09:51,159900,100,159900,159800,87849,846
09:50,159800,200,159900,159800,87003,831
09:49,159600,400,159700,159600,86172,327
09:48,159700,300,159700,159600,85845,536
09:47,159600,400,159600,159500,85309,371
09:46,159600,400,159700,159600,84938,490
09:45,159700,300,159800,159700,84448,582
09:44,159800,200,159900,159800,83866,69
09:43,159800,200,159900,159800,83797,317
09:42,159700,300,159700,159600,83480,421
09:41,159700,300,159700,159600,83059,1100
09:40,159800,200,159800,159700,81959,149
09:39,159800,200,159800,159700,81810,341
09:38,159800,200,159900,159800,81469,515
09:37,160000,0,160000,159900,80954,1087
09:36,159800,200,159800,159700,79867,292
09:35,159700,300,159800,159700,79575,223
09:34,159800,200,159900,159800,79352,814
09:33,160000,0,160000,159900,78538,812
09:32,160000,0,160000,159900,77726,2199
09:31,160000,0,160000,159900,75527,3138
09:30,160000,0,160000,159900,72389,2240
09:29,159300,700,159300,159200,70149,618
09:28,159100,900,159100,159000,69531,766
09:27,159200,800,159200,159100,68765,452
09:26,159200,800,159300,159200,68313,213
09:25,159300,700,159300,159200,68100,339
09:24,159300,700,159300,159200,67761,1662
09:23,159000,1000,159100,158900,66099,844
09:22,159100,900,159100,159000,65255,483
09:21,159000,1000,159100,159000,64772,840
09:20,159000,1000,159100,159000,63932,1474
09:19,159000,1000,159100,159000,62458,1142
09:18,159200,800,159200,159100,61316,1975
09:17,159200,800,159200,159100,59341,957
09:16,159200,800,159200,159100,58384,847
09:15,159100,900,159200,159100,57537,722
09:14,159100,900,159100,159000,56815,3883
09:13,159100,900,159300,159100,52932,2303
09:12,159200,800,159200,159100,50629,2861
09:11,159600,400,159700,159600,47768,2182
09:10,159800,200,159800,159700,45586,2330
09:09,160000,0,160000,159900,43256,2419
09:08,160100,100,160100,160000,40837,3369
09:07,160000,0,160100,160000,37468,3687
09:06,160300,300,160300,160200,33781,4453
09:05,160000,0,160000,159900,29328,4803
09:04,160000,0,160000,159900,24525,2743
09:03,160000,0,160000,159900,21782,6013
09:02,159500,500,159500,159400,15769,1810
09:01,159400,600,159500,159400,13959,4447
09:00,159300,700,159300,159200,9512,9512
