﻿stck_bsop_date,stck_clpr,stck_oprc,stck_hgpr,stck_lwpr,acml_vol,acml_tr_pbmn,flng_cls_code,prtt_rate,mod_yn,prdy_vrss_sign,prdy_vrss,revl_issu_reas
20240801,362500,354000,363500,351000,277595,99291111000,00,0.00,N,2,11000,
20240731,351500,359500,361500,350000,364540,128832765476,00,0.00,N,5,-8000,
20240730,359500,359500,366500,358500,280871,101879317000,00,0.00,N,5,-3500,
20240729,363000,358000,366500,353000,355548,128413182000,00,0.00,N,2,6500,
20240726,356500,359000,361000,351500,346106,123701007000,00,0.00,N,2,1000,
20240725,355500,341000,361000,338000,580473,202057102000,00,0.00,N,2,9000,
20240724,346500,352000,358000,345000,447310,156641690000,00,0.00,N,5,-8500,
20240723,355000,363000,365000,355000,368787,131999472500,00,0.00,N,5,-7000,
20240722,362000,370500,371000,360500,306869,111616398500,00,0.00,N,5,-8500,
20240719,370500,365000,371000,364000,273334,100352422000,00,0.00,N,2,4000,
20240718,366500,364000,370000,362000,310335,113756607500,00,0.00,N,2,1000,
20240717,365500,376000,376500,365500,395513,146116821500,00,0.00,N,5,-7500,
20240716,373000,384000,387000,372000,532450,201035188500,00,0.00,N,5,-13000,
20240715,386000,396500,397000,386000,502159,196057747000,00,0.00,N,5,-6000,
20240712,392000,388500,396500,383000,795560,309575849500,00,0.00,N,2,500,
20240711,391500,371000,391500,369500,972715,374207418500,00,0.00,N,2,23000,
20240710,368500,370500,373000,368500,248513,91881165000,00,0.00,N,5,-4500,
20240709,373000,378500,379500,372500,259202,97110356500,00,0.00,N,5,-4500,
20240708,377500,376000,381500,374000,313678,118727562500,00,0.00,N,2,500,
20240705,377000,375000,379000,372000,298202,111979905000,00,0.00,N,2,2000,
20240704,375000,373500,375500,369500,249770,93095683000,00,0.00,N,2,4500,
20240703,370500,369500,377500,369000,334736,124664377000,00,0.00,N,2,5000,
20240702,365500,370000,372500,364500,245634,90322609000,00,0.00,N,5,-5000,
20240701,370500,361500,371000,360000,291832,107116401500,00,0.00,N,2,7500,
20240628,363000,358500,365000,355000,271140,97750385500,00,0.00,N,2,3500,
20240627,359500,363500,365500,358500,340304,122654620000,00,0.00,N,5,-4500,
20240626,364000,365500,366000,361000,349689,126961470500,00,0.00,N,5,-2500,
20240625,366500,367500,369000,364000,272745,99773718000,00,0.00,N,2,500,
20240624,366000,366500,370500,365000,304587,111730954000,00,0.00,N,5,-500,
20240621,366500,369500,373000,366500,326765,120453582500,00,0.00,N,5,-4500,
20240620,371000,372000,373500,370000,216115,80221971000,00,0.00,N,5,-2000,
20240619,373000,367500,374500,365500,462848,171311945000,00,0.00,N,2,5000,
20240618,368000,373500,375500,368000,314133,116237087000,00,0.00,N,5,-3000,
20240617,371000,376000,376500,370500,389824,145188041500,00,0.00,N,5,-9000,
20240614,380000,375500,381500,370500,515401,193937259000,00,0.00,N,2,5000,
20240613,375000,381000,382500,375000,470089,177931588500,00,0.00,N,5,-2000,
20240612,377000,379000,380500,375500,249898,94307429500,00,0.00,N,5,-3000,
20240611,380000,376500,385000,376500,344972,131216259000,00,0.00,N,2,3000,
20240610,377000,383000,383500,377000,350671,132820451500,00,0.00,N,5,-9500,
20240607,386500,387000,387500,381500,380682,146588917000,00,0.00,N,2,5500,
20240605,381000,376500,385500,374000,420191,160177851000,00,0.00,N,2,6000,
20240604,375000,370000,378000,369500,243871,91443639500,00,0.00,N,2,1000,
20240603,374000,370000,384000,368500,377722,141879021000,00,0.00,N,2,5000,
20240531,369000,370500,379500,368500,523294,194205686000,00,0.00,N,5,-500,
20240530,369500,370500,376000,367000,432926,160109408500,00,0.00,N,5,-4500,
20240529,374000,379000,381000,373000,450870,169304890000,00,0.00,N,5,-9000,
20240528,383000,389000,390500,382500,253275,97441391000,00,0.00,N,5,-5500,
20240527,388500,380500,390500,375500,520982,198604031000,00,0.00,N,2,7000,
20240524,381500,382000,384000,380000,357992,136442069000,00,0.00,N,5,-6000,
20240523,387500,390000,392000,385000,292191,113352459500,00,0.00,N,5,-3000,
20240522,390500,394000,396000,390500,227064,88986025500,00,0.00,N,5,-3000,
20240521,393500,399000,399500,392000,340790,134263611000,00,0.00,N,5,-7500,
20240520,401000,399000,405000,398500,253949,101859329000,00,0.00,N,2,3000,
20240517,398000,400500,402500,398000,220887,88148961980,00,0.00,N,5,-4500,
20240516,402500,406000,407500,401500,237901,96052732000,00,0.00,N,2,1000,
20240514,401500,399500,403000,399000,211204,84680688500,00,0.00,N,2,2500,
20240513,399000,402000,402500,396500,209352,83462578000,00,0.00,N,5,-2000,
20240510,401000,402000,404000,399000,193446,77627466000,00,0.00,N,2,3000,
20240509,398000,403500,404000,398000,303018,121211977000,00,0.00,N,5,-5500,
20240508,403500,405000,406500,401000,205380,82751465000,00,0.00,N,5,-3000,
20240507,406500,410000,411500,404000,243946,99242554000,00,0.00,N,2,3000,
20240503,403500,402000,407500,399000,277160,111879831500,00,0.00,N,2,4500,
20240502,399000,404000,407500,399000,245698,98836530500,00,0.00,N,5,-6000,
20240430,405000,412000,412000,404000,328307,133538281500,00,0.00,N,5,-2000,
20240429,407000,393500,409000,392000,450439,181013968500,00,0.00,N,2,12500,
20240426,394500,395000,395500,389500,255838,100443522000,00,0.00,N,2,2000,
20240425,392500,392500,398500,391000,298528,117530747000,00,0.00,N,5,-3500,
20240424,396000,399500,403500,395500,362468,144362187000,00,0.00,N,2,4500,
20240423,391500,395000,397500,389500,252536,99274511500,00,0.00,N,5,-3500,
20240422,395000,397500,398500,390500,333838,131653849000,00,0.00,N,2,8500,
20240419,386500,386500,389500,377000,489889,188126376500,00,0.00,N,5,-3500,
20240418,390000,373000,395000,373000,702664,272979585000,00,0.00,N,2,19000,
20240417,371000,380500,384000,371000,532497,200043398500,00,0.00,N,5,-9500,
20240416,380500,386000,389000,380500,483959,184967504000,00,0.00,N,5,-10000,
20240415,390500,387000,392000,386000,392019,152495861200,00,0.00,N,5,-4500,
20240412,395000,404500,405000,394500,322166,128029411500,00,0.00,N,5,-5000,
20240411,400000,395500,406000,393500,473313,189311115000,00,0.00,N,5,-3500,
20240409,403500,406500,411000,401000,372690,151099329500,00,0.00,N,2,500,
20240408,403000,390500,404500,380500,940103,369532067000,00,0.00,N,2,8500,
20240405,394500,396000,400000,393000,424303,167888552500,00,0.00,N,5,-7000,
20240404,401500,401000,405000,393000,637428,253843522000,00,0.00,N,2,3000,
20240403,398500,400000,404500,398500,719857,287963752000,00,0.00,N,5,-11000,
20240402,409500,414000,417000,409500,521651,214952147000,00,0.00,N,5,-8500,
