﻿체결시각,체결가,전일비,매도,매수,거래량,변동량
15:56,19040,350,0,19040,1770752,132
15:55,19040,350,0,19040,1770620,40
15:53,19040,350,0,19040,1770580,149
15:52,19040,350,19040,0,1770431,560
15:51,19040,350,19040,0,1769871,90
15:49,19040,350,19040,0,1769781,1420
15:48,19040,350,0,19040,1768361,39
15:47,19040,350,0,19040,1768322,10
15:46,19040,350,0,19040,1768312,10
15:45,19040,350,0,0,1768302,185
15:44,19040,350,0,19040,1768117,311
15:43,19040,350,0,19040,1767806,410
15:42,19040,350,0,19040,1767396,235
15:41,19040,350,0,19040,1767161,237
15:40,19040,350,0,19040,1766924,1126
15:30,19040,350,19050,19040,1765798,59301
15:19,19040,350,19070,19060,1706497,6096
15:18,19060,370,19070,19060,1700401,1773
15:17,19060,370,19070,19060,1698628,3780
15:16,19060,370,19070,19060,1694848,6834
15:15,19050,360,19060,19050,1688014,2288
15:14,19060,370,19060,19050,1685726,2807
15:13,19060,370,19070,19060,1682919,5020
15:12,19050,360,19060,19050,1677899,5124
15:11,19050,360,19060,19050,1672775,2611
15:10,19060,370,19070,19060,1670164,4088
15:09,19060,370,19060,19050,1666076,2736
15:08,19060,370,19060,19050,1663340,1729
15:07,19070,380,19070,19060,1661611,2603
15:06,19060,370,19070,19050,1659008,2308
15:05,19070,380,19070,19060,1656700,1485
15:04,19070,380,19080,19070,1655215,3666
15:03,19070,380,19080,19070,1651549,1570
15:02,19070,380,19070,19060,1649979,5229
15:01,19070,380,19070,19060,1644750,1821
15:00,19060,370,19070,19060,1642929,3204
14:59,19070,380,19070,19060,1639725,3069
14:58,19070,380,19070,19060,1636656,5056
14:57,19060,370,19070,19060,1631600,2542
14:56,19060,370,19070,19060,1629058,3809
14:55,19070,380,19070,19060,1625249,1951
14:54,19060,370,19070,19060,1623298,1804
14:53,19060,370,19070,19060,1621494,3205
14:52,19070,380,19070,19060,1618289,2572
14:51,19060,370,19060,19050,1615717,2096
14:50,19070,380,19070,19060,1613621,4810
14:49,19050,360,19050,19040,1608811,2847
14:48,19040,350,19040,19030,1605964,2264
14:47,19040,350,19040,19030,1603700,4170
14:46,19040,350,19040,19030,1599530,5969
14:45,19050,360,19050,19040,1593561,1638
14:44,19050,360,19060,19050,1591923,2107
14:43,19040,350,19050,19040,1589816,3375
14:42,19080,390,19080,19070,1586441,3610
14:41,19070,380,19080,19070,1582831,2936
14:40,19070,380,19070,19060,1579895,1604
14:39,19080,390,19080,19070,1578291,3998
14:38,19050,360,19050,19040,1574293,5027
14:37,19050,360,19050,19040,1569266,2972
14:36,19070,380,19080,19070,1566294,11030
14:35,19040,350,19050,19040,1555264,4009
14:34,19010,320,19030,19010,1551255,3159
14:33,19020,330,19020,19010,1548096,4485
14:32,19010,320,19010,19000,1543611,5170
14:31,19010,320,19020,19010,1538441,2383
14:30,19020,330,19020,19010,1536058,3866
14:29,19030,340,19030,19020,1532192,1483
14:28,19030,340,19040,19030,1530709,1827
14:27,19030,340,19050,19030,1528882,1183
14:26,19020,330,19070,19010,1527699,6943
14:25,19050,360,19050,19020,1520756,10858
14:24,19000,310,19010,19000,1509898,9269
14:23,19020,330,19020,19010,1500629,4063
14:22,19030,340,19030,19020,1496566,3974
14:21,19030,340,19030,19020,1492592,4807
14:20,19050,360,19050,19040,1487785,3508
14:19,19060,370,19060,19050,1484277,3758
14:18,19070,380,19070,19060,1480519,3068
14:17,19070,380,19070,19060,1477451,2745
14:16,19080,390,19090,19080,1474706,1101
14:15,19100,410,19090,19080,1473605,4503
14:14,19100,410,19110,19100,1469102,3896
14:13,19080,390,19090,19080,1465206,4361
14:12,19090,400,19100,19090,1460845,1400
14:11,19110,420,19110,19100,1459445,1670
14:10,19110,420,19120,19110,1457775,9366
14:09,19110,420,19110,19100,1448409,2168
14:08,19110,420,19120,19110,1446241,1157
14:07,19120,430,19120,19100,1445084,1773
14:06,19110,420,19120,19110,1443311,932
14:05,19110,420,19110,19100,1442379,8436
14:04,19140,450,19140,19120,1433943,1260
14:03,19120,430,19120,19110,1432683,2994
14:02,19120,430,19120,19110,1429689,1426
14:01,19120,430,19120,19110,1428263,3376
14:00,19140,450,19140,19130,1424887,1598
13:59,19150,460,19150,19140,1423289,4702
13:58,19150,460,19150,19140,1418587,9374
13:57,19130,440,19140,19130,1409213,1307
13:56,19140,450,19140,19130,1407906,2346
13:55,19110,420,19110,19100,1405560,1517
13:54,19130,440,19130,19120,1404043,3613
13:53,19140,450,19140,19130,1400430,2714
13:52,19110,420,19120,19110,1397716,1561
13:51,19100,410,19110,19100,1396155,13298
13:50,19110,420,19120,19110,1382857,3303
13:49,19110,420,19120,19110,1379554,1597
13:48,19120,430,19130,19120,1377957,949
13:47,19120,430,19130,19120,1377008,1763
13:46,19140,450,19140,19120,1375245,2835
13:45,19140,450,19140,19130,1372410,1367
13:44,19140,450,19140,19130,1371043,2192
13:43,19110,420,19120,19110,1368851,1592
13:42,19120,430,19120,19110,1367259,1443
13:41,19120,430,19120,19110,1365816,1592
13:40,19120,430,19120,19110,1364224,3449
13:39,19110,420,19110,19100,1360775,3756
13:38,19110,420,19110,19100,1357019,6554
13:37,19130,440,19130,19120,1350465,1527
13:36,19130,440,19140,19130,1348938,3961
13:35,19140,450,19140,19130,1344977,1655
13:34,19130,440,19140,19130,1343322,1465
13:33,19140,450,19140,19130,1341857,2174
13:32,19150,460,19150,19140,1339683,1748
13:31,19130,440,19150,19120,1337935,1633
13:30,19160,470,19160,19140,1336302,1001
13:29,19150,460,19150,19140,1335301,3031
13:28,19140,450,19140,19130,1332270,2948
13:27,19150,460,19150,19130,1329322,3383
13:26,19170,480,19170,19160,1325939,1505
13:25,19160,470,19160,19150,1324434,1112
13:24,19140,450,19150,19140,1323322,1321
13:23,19140,450,19140,19130,1322001,880
13:22,19150,460,19150,19140,1321121,1261
13:21,19160,470,19160,19150,1319860,2134
13:20,19150,460,19160,19150,1317726,5402
13:19,19110,420,19140,19110,1312324,5917
13:18,19130,440,19140,19130,1306407,1348
13:17,19140,450,19140,19130,1305059,1142
13:16,19140,450,19140,19130,1303917,692
13:15,19120,430,19120,19110,1303225,6933
13:14,19160,470,19160,19130,1296292,1679
13:13,19150,460,19150,19120,1294613,1372
13:12,19150,460,19170,19150,1293241,1117
13:11,19170,480,19170,19150,1292124,4601
13:10,19170,480,19170,19160,1287523,1007
13:09,19170,480,19170,19160,1286516,1357
13:08,19170,480,19170,19160,1285159,1129
13:07,19160,470,19160,19150,1284030,840
13:06,19160,470,19170,19160,1283190,2266
13:05,19170,480,19170,19160,1280924,2145
13:04,19180,490,19180,19170,1278779,1028
13:03,19180,490,19180,19170,1277751,1472
13:02,19180,490,19180,19170,1276279,2043
13:01,19200,510,19200,19190,1274236,2376
13:00,19200,510,19200,19190,1271860,804
12:59,19190,500,19200,19190,1271056,3709
12:58,19170,480,19180,19170,1267347,1365
12:57,19170,480,19170,19160,1265982,1088
12:56,19160,470,19170,19160,1264894,1523
12:55,19170,480,19170,19150,1263371,1096
12:54,19150,460,19170,19140,1262275,1000
12:53,19180,490,19180,19170,1261275,5092
12:52,19140,450,19140,19130,1256183,1609
12:51,19140,450,19140,19130,1254574,1152
12:50,19140,450,19140,19130,1253422,1877
12:49,19140,450,19140,19130,1251545,877
12:48,19140,450,19150,19140,1250668,1536
12:47,19130,440,19140,19130,1249132,2165
12:46,19150,460,19150,19140,1246967,2817
12:45,19160,470,19160,19150,1244150,409
12:44,19160,470,19160,19150,1243741,1429
12:43,19160,470,19160,19150,1242312,3802
12:42,19150,460,19150,19140,1238510,2328
12:41,19150,460,19150,19140,1236182,1126
12:40,19150,460,19170,19150,1235056,948
12:39,19180,490,19180,19170,1234108,1566
12:38,19160,470,19170,19160,1232542,6464
12:37,19130,440,19160,19130,1226078,2553
12:36,19170,480,19180,19170,1223525,1098
12:35,19170,480,19200,19170,1222427,787
12:34,19190,500,19200,19150,1221640,4891
12:33,19170,480,19170,19140,1216749,6084
12:32,19230,540,19230,19210,1210665,844
12:31,19240,550,19240,19210,1209821,1320
12:30,19240,550,19240,19230,1208501,6628
12:29,19220,530,19220,19210,1201873,1393
12:28,19220,530,19220,19210,1200480,5215
12:27,19210,520,19210,19200,1195265,1174
12:26,19210,520,19210,19200,1194091,902
12:25,19210,520,19210,19200,1193189,1218
12:24,19200,510,19210,19200,1191971,377
12:23,19200,510,19210,19200,1191594,1169
12:22,19220,530,19220,19210,1190425,2022
12:21,19230,540,19230,19220,1188403,975
12:20,19220,530,19220,19210,1187428,623
12:19,19220,530,19230,19220,1186805,1152
12:18,19230,540,19230,19220,1185653,2238
12:17,19230,540,19230,19220,1183415,692
12:16,19240,550,19250,19240,1182723,879
12:15,19230,540,19240,19230,1181844,871
12:14,19240,550,19240,19230,1180973,1306
12:13,19240,550,19240,19230,1179667,1185
12:12,19230,540,19240,19230,1178482,2195
12:11,19250,560,19260,19240,1176287,1349
12:10,19250,560,19260,19250,1174938,2180
12:09,19260,570,19260,19250,1172758,685
12:08,19250,560,19260,19240,1172073,2014
12:07,19260,570,19260,19250,1170059,1898
12:06,19270,580,19270,19260,1168161,1205
12:05,19270,580,19270,19260,1166956,26445
12:04,19240,550,19250,19240,1140511,2456
12:03,19240,550,19250,19230,1138055,12103
12:02,19240,550,19240,19230,1125952,4783
12:01,19230,540,19240,19230,1121169,8475
12:00,19230,540,19230,19220,1112694,10918
11:59,19210,520,19210,19190,1101776,2346
11:58,19200,510,19200,19190,1099430,796
11:57,19200,510,19200,19190,1098634,8363
11:56,19180,490,19180,19140,1090271,2490
11:55,19180,490,19180,19170,1087781,726
11:54,19170,480,19180,19170,1087055,508
11:53,19180,490,19180,19170,1086547,776
11:52,19190,500,19190,19180,1085771,2869
11:51,19150,460,19150,19140,1082902,1908
11:50,19160,470,19170,19160,1080994,1901
11:49,19200,510,19200,19180,1079093,982
11:48,19190,500,19190,19180,1078111,455
11:47,19200,510,19200,19190,1077656,1284
11:46,19210,520,19210,19200,1076372,2750
11:45,19190,500,19200,19190,1073622,3626
11:44,19200,510,19200,19190,1069996,3692
11:43,19190,500,19200,19160,1066304,5403
11:42,19190,500,19200,19190,1060901,1507
11:41,19190,500,19200,19190,1059394,745
11:40,19200,510,19200,19190,1058649,2740
11:39,19200,510,19210,19200,1055909,9780
11:38,19200,510,19200,19190,1046129,1185
11:37,19210,520,19210,19200,1044944,1584
11:36,19200,510,19200,19180,1043360,1118
11:35,19200,510,19200,19190,1042242,794
11:34,19200,510,19210,19200,1041448,1994
11:33,19200,510,19210,19200,1039454,4780
11:32,19220,530,19220,19210,1034674,3585
11:31,19210,520,19210,19200,1031089,19233
11:30,19190,500,19200,19190,1011856,10851
11:29,19140,450,19180,19140,1001005,926
11:28,19130,440,19170,19120,1000079,4648
11:27,19170,480,19180,19170,995431,1305
11:26,19160,470,19180,19160,994126,968
11:25,19170,480,19180,19170,993158,1433
11:24,19140,450,19140,19130,991725,4389
11:23,19170,480,19170,19160,987336,850
11:22,19170,480,19170,19160,986486,496
11:21,19160,470,19170,19160,985990,1279
11:20,19160,470,19160,19150,984711,1310
11:19,19140,450,19140,19130,983401,1198
11:18,19160,470,19160,19150,982203,1648
11:17,19150,460,19160,19150,980555,7552
11:16,19160,470,19160,19150,973003,3207
11:15,19140,450,19150,19140,969796,921
11:14,19150,460,19150,19140,968875,937
11:13,19140,450,19140,19130,967938,1752
11:12,19120,430,19130,19120,966186,1332
11:11,19130,440,19130,19120,964854,4304
11:10,19120,430,19120,19100,960550,2535
11:09,19100,410,19100,19090,958015,576
11:08,19110,420,19110,19100,957439,3492
11:07,19110,420,19110,19100,953947,1174
11:06,19120,430,19120,19110,952773,2482
11:05,19120,430,19120,19110,950291,2075
11:04,19100,410,19110,19100,948216,755
11:03,19100,410,19110,19100,947461,1080
11:02,19100,410,19120,19100,946381,3894
11:01,19150,460,19150,19140,942487,658
11:00,19150,460,19160,19150,941829,702
10:59,19170,480,19170,19160,941127,6204
10:58,19130,440,19130,19120,934923,650
10:57,19130,440,19130,19120,934273,951
10:56,19130,440,19130,19120,933322,875
10:55,19120,430,19120,19110,932447,2952
10:54,19120,430,19130,19120,929495,3383
10:53,19160,470,19170,19160,926112,2131
10:52,19150,460,19150,19140,923981,3715
10:51,19170,480,19180,19160,920266,3737
10:50,19170,480,19180,19170,916529,724
10:49,19180,490,19180,19170,915805,1820
10:48,19180,490,19190,19180,913985,1340
10:47,19190,500,19200,19190,912645,2498
10:46,19200,510,19210,19200,910147,1652
10:45,19190,500,19190,19180,908495,1827
10:44,19210,520,19220,19210,906668,905
10:43,19220,530,19220,19210,905763,18082
10:42,19200,510,19200,19190,887681,761
10:41,19200,510,19210,19200,886920,5860
10:40,19180,490,19190,19180,881060,1337
10:39,19190,500,19200,19180,879723,1195
10:38,19200,510,19200,19190,878528,5492
10:37,19180,490,19190,19180,873036,1671
10:36,19170,480,19180,19170,871365,2083
10:35,19150,460,19150,19140,869282,2470
10:34,19180,490,19190,19180,866812,441
10:33,19200,510,19200,19120,866371,4562
10:32,19190,500,19200,19180,861809,1886
10:31,19170,480,19170,19160,859923,4935
10:30,19210,520,19210,19180,854988,5255
10:29,19150,460,19160,19150,849733,6017
10:28,19200,510,19210,19190,843716,8141
10:27,19180,490,19190,19180,835575,13807
10:26,19140,450,19150,19140,821768,4135
10:25,19170,480,19170,19150,817633,7550
10:24,19190,500,19190,19180,810083,1200
10:23,19200,510,19200,19190,808883,2097
10:22,19210,520,19210,19200,806786,2416
10:21,19220,530,19230,19220,804370,3076
10:20,19240,550,19240,19230,801294,3116
10:19,19240,550,19250,19240,798178,2254
10:18,19250,560,19250,19240,795924,5816
10:17,19220,530,19220,19210,790108,7625
10:16,19250,560,19250,19240,782483,8732
10:15,19230,540,19230,19220,773751,3027
10:14,19270,580,19270,19260,770724,3529
10:13,19260,570,19270,19260,767195,11673
10:12,19230,540,19240,19230,755522,5500
10:11,19210,520,19220,19210,750022,2306
10:10,19230,540,19230,19220,747716,10485
10:09,19270,580,19280,19270,737231,13438
10:08,19230,540,19230,19220,723793,2617
10:07,19200,510,19210,19200,721176,4493
10:06,19170,480,19170,19160,716683,5155
10:05,19200,510,19200,19190,711528,4143
10:04,19240,550,19250,19240,707385,14073
10:03,19270,580,19280,19270,693312,41621
10:02,19180,490,19180,19170,651691,6374
10:01,19140,450,19150,19140,645317,14385
10:00,19080,390,19080,19060,630932,14185
09:59,19020,330,19030,19020,616747,2654
09:58,19030,340,19040,19030,614093,1998
09:57,19020,330,19030,19020,612095,903
09:56,19030,340,19040,19030,611192,2386
09:55,19010,320,19020,19010,608806,1460
09:54,19020,330,19030,19020,607346,1317
09:53,19020,330,19030,19020,606029,1787
09:52,19030,340,19040,19030,604242,3967
09:51,19010,320,19020,19010,600275,2787
09:50,19030,340,19030,19020,597488,2434
09:49,19030,340,19030,19020,595054,5817
09:48,18990,300,19010,18990,589237,4144
09:47,18970,280,18980,18970,585093,2055
09:46,18980,290,18980,18970,583038,7841
09:45,19010,320,19010,19000,575197,3698
09:44,19000,310,19010,19000,571499,2852
09:43,19030,340,19040,19020,568647,5791
09:42,19040,350,19050,19040,562856,3896
09:41,19020,330,19020,19010,558960,3358
09:40,19020,330,19020,19010,555602,2832
09:39,19020,330,19030,19020,552770,2726
09:38,19050,360,19050,19040,550044,2711
09:37,19040,350,19040,19030,547333,1679
09:36,19070,380,19080,19040,545654,4230
09:35,19080,390,19080,19070,541424,4761
09:34,19020,330,19020,19010,536663,2429
09:33,19030,340,19050,19030,534234,1755
09:32,19040,350,19040,19030,532479,2659
09:31,19080,390,19080,19070,529820,9712
09:30,19070,380,19070,19060,520108,2762
09:29,19050,360,19060,19050,517346,8828
09:28,19100,410,19110,19100,508518,7902
09:27,19020,330,19020,19010,500616,5811
09:26,18990,300,19000,18990,494805,7665
09:25,18940,250,18940,18930,487140,4820
09:24,18940,250,18950,18940,482320,6644
09:23,18970,280,18980,18970,475676,3932
09:22,19000,310,19000,18990,471744,7133
09:21,19000,310,19000,18990,464611,16130
09:20,19030,340,19030,19010,448481,5171
09:19,19050,360,19070,19050,443310,15140
09:18,19090,400,19110,19090,428170,8881
09:17,19130,440,19130,19120,419289,10812
09:16,19170,480,19180,19170,408477,8625
09:15,19220,530,19250,19230,399852,12983
09:14,19230,540,19230,19220,386869,7288
09:13,19340,650,19340,19330,379581,29567
09:12,19330,640,19340,19330,350014,54738
09:11,19240,550,19250,19240,295276,26934
09:10,19230,540,19240,19230,268342,28890
09:09,19220,530,19220,19210,239452,32316
09:08,19180,490,19180,19170,207136,30485
09:07,19150,460,19160,19150,176651,23077
09:06,19150,460,19160,19150,153574,29619
09:05,19070,380,19050,19040,123955,49631
09:04,18790,100,18820,18790,74324,11589
09:03,18780,90,18800,18780,62735,9086
09:02,18830,140,18850,18830,53649,5612
09:01,18840,150,18840,18810,48037,19280
09:00,18950,260,18970,18950,28757,28757
