﻿체결시각,체결가,전일비,매도,매수,거래량,변동량
15:52,47150,200,0,47150,23914,18
15:42,47150,200,47150,0,23896,3
15:30,47150,200,47200,47150,23893,1351
15:19,47250,300,47300,47250,22542,38
15:18,47200,250,47300,47200,22504,1
15:17,47200,250,47300,47200,22503,12
15:16,47200,250,47300,47200,22491,78
15:15,47250,300,47250,47200,22413,24
15:13,47250,300,47300,47250,22389,10
15:12,47200,250,47250,47200,22379,24
15:11,47200,250,47250,47200,22355,63
15:10,47250,300,47300,47250,22292,29
15:09,47250,300,47300,47250,22263,6
15:08,47300,350,47300,47250,22257,121
15:07,47300,350,47350,47300,22136,22
15:06,47300,350,47350,47300,22114,20
15:05,47250,300,47350,47250,22094,21
15:04,47300,350,47350,47300,22073,65
15:03,47350,400,47350,47300,22008,44
15:02,47350,400,47350,47300,21964,102
15:01,47250,300,47300,47250,21862,89
15:00,47300,350,47350,47300,21773,978
14:59,47300,350,47350,47300,20795,27
14:58,47300,350,47350,47300,20768,31
14:57,47300,350,47350,47300,20737,33
14:56,47300,350,47350,47300,20704,16
14:55,47350,400,47350,47300,20688,25
14:54,47300,350,47350,47300,20663,30
14:53,47300,350,47350,47300,20633,35
14:52,47350,400,47350,47300,20598,173
14:51,47250,300,47300,47250,20425,22
14:50,47300,350,47300,47250,20403,32
14:49,47300,350,47300,47250,20371,72
14:48,47300,350,47300,47250,20299,27
14:47,47250,300,47300,47200,20272,44
14:46,47300,350,47300,47250,20228,66
14:45,47300,350,47350,47300,20162,47
14:44,47250,300,47350,47250,20115,32
14:43,47250,300,47350,47250,20083,19
14:42,47300,350,47300,47250,20064,26
14:41,47300,350,47350,47300,20038,7
14:40,47300,350,47350,47250,20031,27
14:39,47300,350,47300,47250,20004,19
14:38,47300,350,47350,47250,19985,35
14:37,47250,300,47350,47250,19950,67
14:36,47250,300,47300,47250,19883,22
14:35,47300,350,47300,47250,19861,27
14:34,47250,300,47300,47250,19834,31
14:33,47250,300,47300,47250,19803,27
14:32,47300,350,47300,47250,19776,21
14:31,47250,300,47300,47250,19755,27
14:30,47300,350,47350,47300,19728,127
14:29,47250,300,47300,47250,19601,133
14:28,47300,350,47300,47250,19468,4
14:27,47300,350,47300,47250,19464,28
14:26,47250,300,47300,47250,19436,28
14:25,47300,350,47300,47250,19408,142
14:24,47250,300,47300,47250,19266,25
14:23,47250,300,47300,47250,19241,32
14:22,47250,300,47300,47250,19209,82
14:21,47250,300,47250,47200,19127,28
14:20,47200,250,47250,47200,19099,28
14:19,47200,250,47250,47200,19071,25
14:18,47250,300,47250,47200,19046,2
14:17,47250,300,47250,47200,19044,49
14:16,47250,300,47250,47200,18995,39
14:15,47200,250,47200,47150,18956,123
14:14,47150,200,47200,47150,18833,28
14:13,47150,200,47200,47150,18805,21
14:12,47200,250,47200,47150,18784,28
14:11,47200,250,47200,47150,18756,53
14:10,47150,200,47200,47150,18703,22
14:09,47200,250,47200,47150,18681,27
14:08,47200,250,47200,47150,18654,165
14:07,47250,300,47250,47200,18489,82
14:06,47250,300,47300,47250,18407,13
14:05,47250,300,47300,47250,18394,70
14:04,47300,350,47300,47250,18324,30
14:03,47300,350,47300,47200,18294,23
14:02,47250,300,47300,47250,18271,29
14:01,47300,350,47350,47250,18242,29
14:00,47350,400,47350,47250,18213,130
13:59,47300,350,47350,47300,18083,70
13:58,47250,300,47300,47250,18013,411
13:57,47250,300,47300,47250,17602,29
13:56,47250,300,47300,47250,17573,24
13:55,47250,300,47300,47250,17549,35
13:54,47250,300,47300,47250,17514,55
13:53,47300,350,47300,47250,17459,138
13:52,47250,300,47300,47250,17321,35
13:51,47250,300,47300,47250,17286,228
13:50,47200,250,47250,47200,17058,432
13:49,47200,250,47200,47150,16626,24
13:48,47150,200,47200,47150,16602,30
13:47,47200,250,47200,47100,16572,129
13:46,47200,250,47200,47150,16443,22
13:45,47200,250,47200,47150,16421,27
13:44,47150,200,47200,47150,16394,29
13:43,47200,250,47200,47150,16365,28
13:42,47200,250,47200,47150,16337,164
13:41,47150,200,47200,47150,16173,42
13:40,47200,250,47200,47150,16131,23
13:39,47150,200,47200,47150,16108,23
13:38,47200,250,47200,47150,16085,31
13:37,47150,200,47200,47150,16054,239
13:36,47100,150,47150,47100,15815,50
13:35,47100,150,47150,47100,15765,29
13:34,47150,200,47150,47100,15736,86
13:33,47150,200,47200,47150,15650,517
13:32,47100,150,47100,47000,15133,4
13:31,47050,100,47100,47050,15129,7
13:30,47100,150,47100,47050,15122,6
13:29,47050,100,47100,47050,15116,13
13:28,47100,150,47100,47050,15103,40
13:27,47100,150,47150,47100,15063,57
13:26,47100,150,47150,47100,15006,7
13:25,47150,200,47150,47100,14999,2
13:24,47100,150,47150,47100,14997,24
13:23,47100,150,47100,47050,14973,4
13:22,47050,100,47100,47050,14969,353
13:21,47050,100,47100,47000,14616,5
13:20,47000,50,47100,47000,14611,4
13:19,47100,150,47100,47000,14607,40
13:18,47100,150,47150,47100,14567,32
13:17,47100,150,47150,47100,14535,33
13:16,47050,100,47100,47050,14502,10
13:15,47100,150,47100,46950,14492,26
13:14,47100,150,47150,47100,14466,10
13:13,47100,150,47150,47100,14456,5
13:12,47100,150,47150,47100,14451,167
13:11,47100,150,47150,47050,14284,339
13:10,47050,100,47100,47050,13945,245
13:09,47000,50,47000,46950,13700,7
13:08,46950,0,47000,46950,13693,7
13:07,46950,0,47000,46950,13686,20
13:06,46950,0,47000,46950,13666,5
13:05,47000,50,47000,46950,13661,41
13:04,46950,0,47000,46950,13620,8
13:03,46950,0,47000,46950,13612,1
13:02,47000,50,47000,46950,13611,35
13:01,46950,0,47000,46950,13576,16
13:00,46950,0,47000,46950,13560,27
12:59,46950,0,47000,46950,13533,359
12:58,46900,50,46950,46900,13174,3
12:57,46900,50,46950,46900,13171,9
12:56,46850,100,46900,46850,13162,2
12:55,46900,50,46950,46850,13160,36
12:54,46900,50,46950,46900,13124,4
12:53,46900,50,46900,46850,13120,10
12:52,46900,50,46950,46850,13110,8
12:51,46850,100,46950,46850,13102,32
12:50,46900,50,46900,46850,13070,84
12:49,46900,50,46950,46900,12986,4
12:48,46900,50,46950,46900,12982,2
12:47,46900,50,46950,46900,12980,3
12:46,46900,50,46950,46900,12977,10
12:45,46900,50,46950,46900,12967,5
12:44,46900,50,46950,46900,12962,12
12:43,46900,50,46950,46850,12950,49
12:41,46850,100,46900,46850,12901,7
12:40,46850,100,46900,46850,12894,8
12:38,46850,100,46900,46850,12886,2
12:37,46850,100,46900,46850,12884,19
12:36,46900,50,46950,46900,12865,9
12:35,46900,50,46950,46900,12856,21
12:34,46900,50,46900,46850,12835,5
12:33,46850,100,46900,46850,12830,3
12:32,46850,100,46900,46850,12827,2
12:31,46850,100,46950,46850,12825,4
12:30,46850,100,46900,46850,12821,4
12:29,46850,100,46950,46850,12817,109
12:28,46900,50,46950,46900,12708,2
12:27,46950,0,47000,46900,12706,51
12:26,46950,0,47000,46950,12655,16
12:25,46950,0,47000,46950,12639,5
12:24,46950,0,47000,46950,12634,6
12:23,46950,0,47000,46950,12628,11
12:22,46950,0,47000,46950,12617,5
12:21,46950,0,47000,46950,12612,7
12:20,46950,0,47000,46950,12605,18
12:19,46950,0,47000,46950,12587,28
12:18,46900,50,46950,46900,12559,4
12:17,46950,0,46950,46900,12555,5
12:16,46900,50,46950,46900,12550,4
12:15,46950,0,46950,46900,12546,2
12:14,46900,50,46950,46900,12544,29
12:13,46950,0,47000,46950,12515,5
12:12,46950,0,47000,46950,12510,1
12:11,46950,0,47000,46950,12509,3
12:10,46950,0,47000,46950,12506,35
12:09,46900,50,47000,46900,12471,258
12:08,46850,100,46900,46850,12213,3344
12:07,47000,50,47050,47000,8869,1
12:06,47000,50,47050,47000,8868,8
12:04,47000,50,47050,47000,8860,3
12:03,47000,50,47050,47000,8857,4
12:02,47000,50,47050,47000,8853,6
12:01,47000,50,47050,47000,8847,4
12:00,47000,50,47050,47000,8843,624
11:59,47050,100,47100,47050,8219,14
11:58,47050,100,47100,47050,8205,9
11:57,47100,150,47100,47050,8196,13
11:56,47050,100,47100,47050,8183,11
11:55,47050,100,47100,47050,8172,14
11:54,47050,100,47100,47050,8158,8
11:53,47100,150,47100,47050,8150,11
11:52,47100,150,47100,47050,8139,9
11:51,47050,100,47100,47050,8130,10
11:50,47050,100,47100,47050,8120,21
11:49,47050,100,47100,47050,8099,9
11:48,47050,100,47100,47050,8090,12
11:47,47100,150,47100,47050,8078,10
11:46,47100,150,47100,47050,8068,11
11:45,47050,100,47100,47050,8057,14
11:44,47050,100,47100,47050,8043,8
11:43,47050,100,47100,47050,8035,20
11:42,47100,150,47100,47050,8015,20
11:41,47100,150,47100,47050,7995,14
11:40,47100,150,47100,47050,7981,9
11:39,47100,150,47100,47050,7972,216
11:38,47050,100,47100,47050,7756,15
11:37,47050,100,47100,47050,7741,11
11:36,47100,150,47100,47050,7730,4
11:35,47050,100,47100,47050,7726,13
11:34,47100,150,47100,47050,7713,28
11:33,47050,100,47100,47050,7685,9
11:32,47100,150,47150,47050,7676,12
11:31,47050,100,47100,47050,7664,16
11:30,47150,200,47150,47050,7648,40
11:29,47150,200,47150,47050,7608,9
11:28,47050,100,47100,47050,7599,4
11:27,47050,100,47100,47050,7595,24
11:26,47150,200,47150,47050,7571,37
11:25,47050,100,47150,47050,7534,21
11:24,47150,200,47150,47050,7513,106
11:23,47050,100,47100,47050,7407,10
11:22,47100,150,47100,47050,7397,11
11:21,47100,150,47100,47050,7386,14
11:20,47050,100,47100,47050,7372,11
11:19,47050,100,47100,47050,7361,3
11:18,47100,150,47100,47050,7358,5
11:17,47050,100,47100,47050,7353,11
11:16,47050,100,47100,47050,7342,103
11:15,47100,150,47100,47050,7239,11
11:14,47100,150,47100,47050,7228,6
11:13,47100,150,47100,47050,7222,11
11:12,47100,150,47100,47050,7211,14
11:11,47100,150,47100,47050,7197,7
11:10,47050,100,47100,47050,7190,3
11:09,47050,100,47100,47050,7187,28
11:08,47050,100,47100,47050,7159,6
11:07,47100,150,47100,47050,7153,408
11:06,47100,150,47100,47050,6745,6
11:05,47100,150,47100,47050,6739,14
11:04,47100,150,47100,47050,6725,5
11:03,47050,100,47100,47050,6720,4
11:02,47050,100,47100,47050,6716,63
11:01,47000,50,47050,47000,6653,5
11:00,47000,50,47050,47000,6648,5
10:59,47000,50,47050,47000,6643,232
10:58,47050,100,47100,47050,6411,5
10:57,47050,100,47100,47050,6406,1
10:56,47100,150,47100,47050,6405,7
10:55,47050,100,47100,47050,6398,11
10:54,47100,150,47100,47050,6387,5
10:53,47100,150,47100,47050,6382,4
10:52,47050,100,47100,47050,6378,11
10:51,47100,150,47100,47050,6367,6
10:50,47100,150,47100,47050,6361,2
10:49,47100,150,47100,47050,6359,8
10:48,47050,100,47100,47050,6351,10
10:47,47100,150,47100,47050,6341,3
10:46,47050,100,47100,47050,6338,379
10:45,47000,50,47100,47000,5959,64
10:44,47000,50,47050,47000,5895,5
10:43,47000,50,47050,47000,5890,14
10:42,47000,50,47050,47000,5876,35
10:41,47000,50,47100,47000,5841,9
10:40,47050,100,47100,47000,5832,8
10:39,47100,150,47100,47000,5824,3
10:38,47000,50,47100,47000,5821,8
10:37,47100,150,47100,47000,5813,2
10:36,47100,150,47100,47000,5811,110
10:35,47000,50,47050,47000,5701,3
10:34,47050,100,47050,47000,5698,12
10:33,47050,100,47050,47000,5686,5
10:32,47000,50,47050,47000,5681,4
10:31,47050,100,47050,47000,5677,11
10:30,47050,100,47050,47000,5666,3
10:29,47000,50,47050,47000,5663,5
10:28,46950,0,47050,46950,5658,215
10:27,46950,0,47000,46950,5443,77
10:26,46900,50,46950,46900,5366,4
10:25,46900,50,46950,46900,5362,5
10:24,46950,0,46950,46900,5357,164
10:23,47000,50,47000,46900,5193,3
10:22,46950,0,47000,46900,5190,3
10:21,47000,50,47000,46900,5187,6
10:20,47000,50,47000,46900,5181,69
10:19,46950,0,46950,46900,5112,7
10:18,46900,50,46950,46900,5105,4
10:17,46900,50,46950,46900,5101,10
10:16,46950,0,46950,46900,5091,29
10:15,46950,0,46950,46900,5062,4
10:14,46950,0,46950,46900,5058,4
10:13,46900,50,46950,46900,5054,71
10:12,46850,100,46900,46850,4983,58
10:11,46900,50,46900,46850,4925,67
10:10,46950,0,46950,46900,4858,10
10:09,46950,0,46950,46900,4848,2
10:08,46900,50,46950,46900,4846,7
10:07,46900,50,46950,46900,4839,4
10:06,46900,50,46950,46900,4835,26
10:05,46950,0,46950,46900,4809,2
10:04,46950,0,46950,46900,4807,10
10:03,46950,0,47000,46900,4797,7
10:02,46950,0,47000,46950,4790,118
10:01,46900,50,46950,46900,4672,22
10:00,46950,0,46950,46900,4650,10
09:59,46950,0,46950,46900,4640,23
09:58,46950,0,46950,46900,4617,26
09:57,46900,50,46950,46900,4591,14
09:56,46900,50,46950,46900,4577,13
09:55,46900,50,46950,46900,4564,21
09:54,46900,50,46950,46900,4543,11
09:53,46950,0,46950,46900,4532,10
09:52,46900,50,46950,46900,4522,27
09:51,46900,50,46950,46900,4495,21
09:50,46900,50,46950,46900,4474,2
09:49,46900,50,46950,46900,4472,20
09:48,46900,50,46950,46900,4452,3
09:47,46900,50,46950,46850,4449,12
09:46,46900,50,46950,46850,4437,119
09:45,46900,50,46900,46850,4318,23
09:44,46850,100,46900,46850,4295,12
09:43,46900,50,46900,46850,4283,11
09:42,46900,50,46950,46900,4272,10
09:41,46900,50,46950,46850,4262,134
09:40,46950,0,47000,46950,4128,11
09:39,46950,0,47000,46900,4117,349
09:38,46900,50,46900,46850,3768,22
09:37,46850,100,46900,46850,3746,200
09:36,46800,150,46850,46800,3546,18
09:35,46800,150,46850,46800,3528,13
09:34,46800,150,46850,46800,3515,32
09:33,46850,100,46850,46800,3483,66
09:32,46800,150,46850,46800,3417,238
09:31,46800,150,46850,46800,3179,146
09:30,46800,150,46850,46800,3033,453
09:29,46850,100,46900,46850,2580,251
09:28,46950,0,47000,46900,2329,9
09:27,46950,0,47000,46900,2320,22
09:26,46950,0,47000,46900,2298,9
09:25,47000,50,47000,46900,2289,12
09:24,46950,0,47000,46950,2277,18
09:23,46950,0,47000,46950,2259,24
09:22,46950,0,46950,46850,2235,106
09:21,46850,100,46900,46850,2129,1
09:20,46850,100,46900,46850,2128,1
09:19,46900,50,46900,46850,2127,26
09:18,46850,100,46900,46850,2101,17
09:17,46900,50,46900,46850,2084,4
09:16,46850,100,46900,46850,2080,12
09:14,46850,100,46900,46850,2068,2
09:13,46900,50,46900,46850,2066,8
09:12,46900,50,46950,46900,2058,76
09:11,46900,50,46950,46900,1982,242
09:10,47000,50,47000,46950,1740,51
09:09,46900,50,46950,46900,1689,70
09:08,46950,0,47000,46950,1619,2
09:07,46950,0,46950,46900,1617,93
09:06,46950,0,46950,46900,1524,97
09:05,46950,0,46950,46900,1427,24
09:04,46950,0,46950,46900,1403,60
09:03,46900,50,46950,46900,1343,828
09:02,47050,100,47050,47000,515,299
09:01,47100,150,47150,47100,216,42
09:00,47050,100,47100,47050,174,174
