﻿체결시각,체결가,전일비,매도,매수,거래량,변동량
15:51,46850,1450,46850,0,38876,2
15:41,46850,1450,46850,0,38874,10
15:40,46850,1450,0,46850,38864,152
15:30,46850,1450,46900,46850,38712,1399
15:19,46850,1450,46900,46850,37313,29
15:18,46850,1450,46900,46850,37284,24
15:17,46900,1400,46900,46850,37260,185
15:16,46850,1450,46900,46850,37075,27
15:15,46900,1400,46900,46850,37048,1
15:14,46850,1450,46900,46850,37047,14
15:13,46850,1450,46900,46850,37033,70
15:12,46800,1500,46850,46800,36963,63
15:11,46850,1450,46900,46800,36900,250
15:10,46850,1450,46900,46850,36650,96
15:09,46850,1450,46950,46850,36554,6
15:08,46900,1400,46950,46850,36548,90
15:07,46900,1400,46950,46900,36458,1
15:06,46950,1350,46950,46900,36457,9
15:05,46900,1400,46950,46900,36448,4
15:04,46900,1400,46950,46900,36444,24
15:02,46900,1400,47000,46900,36420,191
15:01,46850,1450,46850,46800,36229,23
15:00,46800,1500,46850,46800,36206,30
14:59,46800,1500,46850,46800,36176,7
14:58,46800,1500,46850,46800,36169,3
14:57,46800,1500,46850,46800,36166,29
14:56,46850,1450,46850,46800,36137,111
14:55,46800,1500,46850,46800,36026,32
14:54,46800,1500,46850,46800,35994,1
14:53,46800,1500,46900,46800,35993,180
14:52,46850,1450,46900,46850,35813,13
14:51,46900,1400,46900,46850,35800,19
14:50,46850,1450,46900,46850,35781,75
14:49,46800,1500,46900,46800,35706,231
14:48,46900,1400,46900,46850,35475,6
14:47,46850,1450,46900,46850,35469,17
14:46,46900,1400,46950,46900,35452,37
14:45,46850,1450,46900,46850,35415,4
14:44,46850,1450,46900,46850,35411,2
14:43,46850,1450,46900,46850,35409,23
14:42,46850,1450,46900,46850,35386,100
14:41,46850,1450,46900,46850,35286,133
14:40,46900,1400,46950,46900,35153,3
14:39,46900,1400,47000,46900,35150,3
14:38,46850,1450,47000,46850,35147,1
14:37,46850,1450,47000,46850,35146,163
14:36,46900,1400,47000,46900,34983,48
14:35,46850,1450,46900,46850,34935,16
14:34,46850,1450,46900,46850,34919,41
14:33,46850,1450,46900,46850,34878,3
14:32,46850,1450,46900,46850,34875,25
14:31,46850,1450,46900,46850,34850,2
14:30,46850,1450,46900,46850,34848,48
14:29,46900,1400,46900,46850,34800,24
14:28,46900,1400,46950,46900,34776,2
14:27,46900,1400,46950,46900,34774,8
14:26,46900,1400,46950,46900,34766,3
14:25,46850,1450,46950,46850,34763,301
14:24,46900,1400,46950,46900,34462,18
14:23,46900,1400,46950,46900,34444,3
14:22,46950,1350,46950,46900,34441,14
14:21,46900,1400,46950,46900,34427,49
14:20,46850,1450,46950,46850,34378,13
14:19,46850,1450,46950,46750,34365,412
14:18,46800,1500,46850,46800,33953,3
14:17,46700,1600,46850,46700,33950,4
14:16,46750,1550,46750,46700,33946,222
14:15,46700,1600,46750,46700,33724,30
14:14,46700,1600,46750,46700,33694,5
14:13,46700,1600,46750,46700,33689,15
14:12,46700,1600,46750,46700,33674,4
14:11,46700,1600,46750,46700,33670,2
14:10,46700,1600,46750,46700,33668,3
14:09,46700,1600,46750,46700,33665,7
14:08,46700,1600,46750,46700,33658,32
14:07,46700,1600,46750,46700,33626,7
14:06,46750,1550,46750,46700,33619,719
14:05,46800,1500,46850,46800,32900,235
14:04,46750,1550,46800,46750,32665,7
14:03,46750,1550,46800,46750,32658,36
14:02,46800,1500,46850,46800,32622,178
14:01,46800,1500,46850,46800,32444,14
14:00,46800,1500,46850,46800,32430,2
13:59,46800,1500,46850,46800,32428,52
13:58,46800,1500,46850,46800,32376,31
13:57,46800,1500,46850,46800,32345,2
13:56,46850,1450,46850,46800,32343,16
13:55,46800,1500,46850,46800,32327,5
13:54,46800,1500,46850,46800,32322,7
13:53,46800,1500,46850,46800,32315,8
13:52,46800,1500,46850,46800,32307,2
13:51,46800,1500,46850,46800,32305,1
13:50,46850,1450,46900,46850,32304,10
13:49,46850,1450,46950,46850,32294,104
13:48,46850,1450,47000,46850,32190,11
13:47,46850,1450,46900,46850,32179,2
13:46,46850,1450,46900,46850,32177,2
13:45,46850,1450,46950,46850,32175,2
13:44,46850,1450,46950,46850,32173,2
13:43,46850,1450,46950,46850,32171,1
13:42,46850,1450,46950,46850,32170,5
13:41,46900,1400,46950,46850,32165,3
13:40,46850,1450,46900,46850,32162,2
13:38,46850,1450,46950,46850,32160,18
13:37,46850,1450,46950,46800,32142,6
13:36,46800,1500,46950,46800,32136,8
13:35,46800,1500,47000,46800,32128,1
13:33,46800,1500,47000,46800,32127,2398
13:32,46900,1400,46900,46850,29729,109
13:31,46850,1450,46900,46850,29620,2
13:29,46850,1450,46900,46850,29618,51
13:27,46850,1450,46900,46850,29567,1
13:22,46850,1450,46900,46850,29566,2
13:20,46850,1450,46900,46850,29564,13
13:19,46900,1400,46900,46850,29551,111
13:18,46850,1450,46900,46850,29440,2
13:17,46900,1400,46900,46850,29438,60
13:16,46900,1400,46900,46850,29378,1
13:15,46850,1450,46900,46850,29377,78
13:14,46850,1450,46900,46850,29299,1
13:13,46850,1450,46900,46850,29298,1
13:11,46850,1450,46900,46850,29297,6
13:10,46850,1450,46900,46850,29291,2
13:09,46850,1450,46900,46850,29289,1
13:08,46850,1450,46900,46850,29288,1
13:07,46850,1450,46900,46850,29287,10
13:06,46850,1450,46900,46850,29277,30
13:04,46850,1450,46900,46850,29247,2
13:02,46900,1400,46900,46850,29245,92
13:01,46850,1450,46850,46800,29153,44
13:00,46850,1450,46900,46850,29109,2
12:58,46850,1450,46900,46850,29107,250
12:57,46850,1450,46900,46850,28857,5
12:56,46850,1450,46900,46850,28852,4
12:55,46850,1450,46900,46850,28848,2
12:54,46900,1400,46900,46850,28846,1
12:53,46900,1400,46950,46850,28845,22
12:52,46850,1450,46950,46850,28823,75
12:51,46900,1400,46950,46900,28748,50
12:50,46900,1400,47000,46900,28698,22
12:47,46900,1400,47000,46850,28676,22
12:46,46850,1450,46900,46850,28654,3
12:45,46850,1450,46950,46850,28651,254
12:43,46850,1450,46950,46850,28397,9
12:42,46950,1350,46950,46850,28388,16
12:41,46900,1400,47050,46900,28372,284
12:40,46900,1400,46900,46850,28088,45
12:39,46850,1450,46900,46850,28043,11
12:37,46900,1400,46900,46850,28032,5
12:35,46900,1400,46900,46850,28027,2
12:34,46850,1450,46900,46850,28025,15
12:33,46900,1400,46900,46850,28010,3
12:32,46850,1450,46900,46850,28007,5
12:30,46850,1450,46900,46850,28002,3
12:29,46850,1450,46900,46850,27999,511
12:28,46900,1400,46900,46850,27488,6
12:26,46850,1450,46900,46850,27482,15
12:25,46850,1450,46900,46850,27467,4967
12:23,46950,1350,47000,46950,22500,27
12:22,47000,1300,47000,46950,22473,44
12:21,46950,1350,47000,46950,22429,6
12:20,46950,1350,47000,46950,22423,27
12:18,46950,1350,47000,46950,22396,51
12:17,47000,1300,47000,46950,22345,1
12:15,47000,1300,47000,46950,22344,5
12:14,47000,1300,47000,46950,22339,2
12:12,46950,1350,47000,46950,22337,62
12:11,47000,1300,47050,47000,22275,377
12:10,47000,1300,47050,47000,21898,2
12:08,47000,1300,47100,47000,21896,10
12:06,47000,1300,47100,47000,21886,201
12:05,47000,1300,47000,46950,21685,32
12:04,46950,1350,47000,46950,21653,1
12:02,46950,1350,47000,46950,21652,3
12:01,47000,1300,47000,46950,21649,201
12:00,47000,1300,47050,47000,21448,333
11:59,47050,1250,47050,47000,21115,385
11:58,47050,1250,47100,47050,20730,4
11:57,47050,1250,47100,47050,20726,27
11:56,47050,1250,47100,47050,20699,3
11:55,47050,1250,47100,47050,20696,3
11:54,47050,1250,47100,47050,20693,2
11:53,47050,1250,47100,47050,20691,13
11:52,47050,1250,47100,47050,20678,3
11:51,47050,1250,47100,47050,20675,25
11:50,47050,1250,47100,47050,20650,2
11:49,47050,1250,47100,47050,20648,2
11:48,47050,1250,47100,47050,20646,2
11:47,47050,1250,47100,47050,20644,59
11:46,47050,1250,47100,47050,20585,3
11:45,47050,1250,47100,47050,20582,305
11:44,47100,1200,47150,47100,20277,10
11:43,47100,1200,47150,47100,20267,7
11:42,47100,1200,47150,47100,20260,26
11:41,47100,1200,47150,47100,20234,2
11:40,47100,1200,47150,47100,20232,164
11:39,47150,1150,47200,47150,20068,23
11:38,47150,1150,47200,47150,20045,32
11:37,47100,1200,47150,47100,20013,3
11:36,47100,1200,47150,47100,20010,17
11:35,47150,1150,47150,47100,19993,12
11:34,47100,1200,47150,47100,19981,5
11:33,47100,1200,47150,47100,19976,15
11:32,47100,1200,47150,47100,19961,3
11:31,47100,1200,47150,47100,19958,38
11:30,47150,1150,47150,47100,19920,10
11:29,47150,1150,47200,47150,19910,3
11:28,47150,1150,47250,47150,19907,3
11:27,47150,1150,47200,47150,19904,187
11:26,47100,1200,47150,47100,19717,18
11:25,47100,1200,47150,47100,19699,2
11:24,47100,1200,47150,47100,19697,3
11:23,47100,1200,47150,47100,19694,2
11:22,47100,1200,47150,47100,19692,57
11:21,47100,1200,47150,47100,19635,3
11:20,47100,1200,47150,47100,19632,1
11:19,47100,1200,47150,47100,19631,1
11:18,47150,1150,47150,47100,19630,1
11:17,47150,1150,47150,47100,19629,122
11:16,47150,1150,47150,47100,19507,5
11:15,47100,1200,47150,47100,19502,1
11:12,47100,1200,47150,47100,19501,1
11:10,47100,1200,47150,47100,19500,1
11:09,47100,1200,47200,47100,19499,4
11:07,47100,1200,47150,47100,19495,100
11:04,47100,1200,47200,47050,19395,22
11:02,47100,1200,47200,47050,19373,59
11:01,47100,1200,47100,47050,19314,218
11:00,47200,1100,47200,47150,19096,1
10:57,47150,1150,47200,47150,19095,25
10:55,47150,1150,47200,47050,19070,24
10:54,47100,1200,47150,47100,19046,44
10:50,47050,1250,47200,47100,19002,5
10:49,47200,1100,47200,47100,18997,54
10:48,47150,1150,47250,47100,18943,232
10:47,47050,1250,47150,47100,18711,513
10:46,47250,1050,47250,47200,18198,3
10:45,47250,1050,47300,47250,18195,2
10:43,47250,1050,47300,47200,18193,10
10:40,47250,1050,47300,47250,18183,13
10:39,47300,1000,47300,47200,18170,24
10:38,47200,1100,47250,47150,18146,20
10:36,47300,1000,47350,47150,18126,326
10:35,47200,1100,47200,47150,17800,2
10:34,47150,1150,47200,47150,17798,445
10:32,47050,1250,47100,47000,17353,29
10:31,47050,1250,47050,46950,17324,170
10:30,47000,1300,47000,46950,17154,11
10:29,47000,1300,47000,46950,17143,14
10:25,47000,1300,47000,46950,17129,66
10:24,47000,1300,47100,47000,17063,427
10:23,47100,1200,47150,47050,16636,112
10:22,47050,1250,47150,47050,16524,15
10:21,47050,1250,47050,47000,16509,140
10:20,47000,1300,47000,46950,16369,125
10:19,46950,1350,47000,46950,16244,1
10:16,46900,1400,47000,46900,16243,43
10:15,46850,1450,46900,46850,16200,252
10:14,46900,1400,46900,46850,15948,1
10:13,46900,1400,46900,46850,15947,10
10:12,46900,1400,46900,46850,15937,17
10:11,46850,1450,46900,46850,15920,208
10:10,46850,1450,46900,46850,15712,2
10:08,46850,1450,46850,46800,15710,384
10:07,46800,1500,46800,46750,15326,4
10:06,46750,1550,46800,46750,15322,13
10:05,46800,1500,46800,46750,15309,396
10:04,46850,1450,46850,46800,14913,4
10:03,46850,1450,46850,46800,14909,2
10:02,46850,1450,46850,46800,14907,119
10:01,46850,1450,46850,46800,14788,138
10:00,46850,1450,46900,46850,14650,266
09:59,46850,1450,46850,46800,14384,97
09:58,46800,1500,46850,46750,14287,561
09:57,46850,1450,46850,46800,13726,106
09:56,46800,1500,46850,46800,13620,32
09:55,46850,1450,46900,46850,13588,763
09:54,46900,1400,46900,46850,12825,41
09:53,46950,1350,46950,46850,12784,230
09:52,46850,1450,46900,46850,12554,288
09:51,46950,1350,46950,46900,12266,37
09:49,46950,1350,47000,46950,12229,10
09:48,46950,1350,47000,46950,12219,91
09:47,46900,1400,46950,46900,12128,309
09:46,46800,1500,46850,46800,11819,4
09:45,46850,1450,46850,46800,11815,592
09:44,46950,1350,46950,46900,11223,63
09:43,46950,1350,46950,46900,11160,415
09:42,47000,1300,47000,46950,10745,1
09:41,47000,1300,47000,46950,10744,48
09:40,47000,1300,47000,46950,10696,52
09:39,47000,1300,47000,46950,10644,140
09:38,46950,1350,47100,46950,10504,2140
09:37,47100,1200,47100,47050,8364,256
09:36,47150,1150,47150,47100,8108,17
09:35,47150,1150,47150,47100,8091,23
09:34,47200,1100,47200,47100,8068,2
09:33,47100,1200,47200,47100,8066,47
09:32,47100,1200,47100,47050,8019,120
09:31,47150,1150,47200,47050,7899,226
09:30,47050,1250,47100,47050,7673,78
09:29,47050,1250,47200,47050,7595,30
09:28,47100,1200,47200,47050,7565,5
09:27,47100,1200,47100,47050,7560,101
09:26,47100,1200,47200,47100,7459,6
09:25,47000,1300,47100,47000,7453,286
09:24,47050,1250,47100,47050,7167,455
09:23,47050,1250,47100,47050,6712,495
09:22,47100,1200,47200,47100,6217,27
09:21,47100,1200,47150,47100,6190,110
09:20,47050,1250,47100,47050,6080,8
09:19,47100,1200,47100,47050,6072,321
09:18,47100,1200,47100,47050,5751,598
09:17,47200,1100,47200,47150,5153,220
09:16,47150,1150,47300,47150,4933,927
09:15,47300,1000,47350,47300,4006,2
09:14,47300,1000,47350,47300,4004,4
09:13,47300,1000,47350,47250,4000,1
09:12,47300,1000,47350,47300,3999,167
09:11,47300,1000,47300,47250,3832,24
09:10,47250,1050,47300,47250,3808,406
09:09,47350,950,47350,47300,3402,56
09:08,47250,1050,47250,47200,3346,37
09:07,47200,1100,47200,47150,3309,929
09:06,47500,800,47600,47500,2380,52
09:05,47450,850,47500,47450,2328,1
09:04,47500,800,47600,47500,2327,47
09:03,47650,650,47700,47500,2280,242
09:02,47500,800,47700,47550,2038,372
09:01,47500,800,47500,47450,1666,329
09:00,47250,1050,47450,47400,1337,1337
