﻿체결시각,체결가,전일비,매도,매수,거래량,변동량
15:58,316000,2500,0,316000,258782,1
15:55,316000,2500,0,316000,258781,1
15:50,316000,2500,0,316000,258780,4
15:47,316000,2500,0,316000,258776,71
15:46,316000,2500,0,316000,258705,5
15:45,316000,2500,0,0,258700,3
15:40,316000,2500,0,316000,258697,186
15:30,316000,2500,316500,316000,258511,15768
15:19,316000,2500,316000,315500,242743,602
15:18,316500,2000,316500,316000,242141,733
15:17,315500,3000,316000,315500,241408,1193
15:16,315500,3000,316000,315500,240215,733
15:15,316000,2500,316000,315500,239482,861
15:14,316000,2500,317000,316000,238621,3063
15:13,316000,2500,316500,316000,235558,3695
15:12,316000,2500,317000,316000,231863,2508
15:11,315500,3000,316000,315500,229355,1426
15:10,316000,2500,316500,315500,227929,2013
15:09,316500,2000,316500,316000,225916,982
15:08,316500,2000,317000,316500,224934,1043
15:07,316000,2500,316500,316000,223891,959
15:06,316000,2500,316500,316000,222932,851
15:05,316500,2000,317000,316500,222081,1251
15:04,316500,2000,316500,316000,220830,452
15:03,316000,2500,316500,316000,220378,856
15:02,315500,3000,316000,315500,219522,739
15:01,315500,3000,316000,315500,218783,838
15:00,316000,2500,316500,316000,217945,585
14:59,316500,2000,316500,316000,217360,413
14:58,316000,2500,316500,316000,216947,1088
14:57,316500,2000,317000,316500,215859,380
14:56,316500,2000,317000,316500,215479,446
14:55,316500,2000,317000,316500,215033,645
14:54,316500,2000,316500,316000,214388,3248
14:53,316000,2500,316500,316000,211140,571
14:52,316000,2500,316500,316000,210569,1240
14:51,316500,2000,317000,316500,209329,604
14:50,316500,2000,317000,316500,208725,315
14:49,316500,2000,317000,316500,208410,306
14:48,316500,2000,317000,316500,208104,351
14:47,317000,1500,317000,316500,207753,191
14:46,316500,2000,317000,316500,207562,469
14:45,317000,1500,317500,317000,207093,1269
14:44,317000,1500,317500,317000,205824,319
14:43,317000,1500,317500,317000,205505,344
14:42,317500,1000,317500,317000,205161,474
14:41,317000,1500,317500,317000,204687,897
14:40,316500,2000,317000,316500,203790,325
14:39,316500,2000,317000,316500,203465,470
14:38,316500,2000,317000,316500,202995,509
14:37,316500,2000,317000,316500,202486,1494
14:36,317500,1000,317500,317000,200992,854
14:35,317500,1000,318000,317500,200138,264
14:34,318000,500,318000,317500,199874,1233
14:33,318000,500,318500,318000,198641,859
14:32,317500,1000,318000,317500,197782,1042
14:31,318500,0,319000,318500,196740,158
14:30,318500,0,319000,318500,196582,220
14:29,318500,0,319000,318500,196362,694
14:28,318000,500,318500,318000,195668,224
14:27,318500,0,318500,318000,195444,155
14:26,318000,500,318500,318000,195289,229
14:25,318500,0,318500,318000,195060,252
14:24,318000,500,318500,318000,194808,465
14:23,318500,0,318500,318000,194343,296
14:22,318000,500,318500,318000,194047,178
14:21,318000,500,318500,318000,193869,1025
14:20,317000,1500,317500,317000,192844,288
14:19,317500,1000,317500,317000,192556,470
14:18,317500,1000,317500,317000,192086,326
14:17,317000,1500,317500,317000,191760,154
14:16,317000,1500,317500,317000,191606,302
14:15,317000,1500,317500,317000,191304,395
14:14,317500,1000,317500,317000,190909,261
14:13,317500,1000,318000,317500,190648,333
14:12,317500,1000,318000,317500,190315,281
14:11,317500,1000,317500,317000,190034,394
14:10,317000,1500,317500,317000,189640,322
14:09,317000,1500,317500,317000,189318,342
14:08,317000,1500,317500,317000,188976,833
14:07,316500,2000,317500,316500,188143,1576
14:06,317000,1500,317500,317000,186567,442
14:05,317000,1500,317500,317000,186125,362
14:04,317500,1000,318000,317500,185763,2734
14:03,318000,500,318500,318000,183029,279
14:02,318000,500,318500,318000,182750,729
14:01,318000,500,318500,318000,182021,223
14:00,318000,500,318500,318000,181798,1605
13:59,319000,500,319000,318500,180193,384
13:58,318500,0,319000,318500,179809,134
13:57,318500,0,319000,318500,179675,615
13:56,318500,0,319000,318500,179060,368
13:55,319000,500,319000,318500,178692,107
13:54,319000,500,319000,318500,178585,139
13:53,318500,0,319000,318500,178446,1847
13:52,319500,1000,319500,319000,176599,119
13:51,319500,1000,319500,319000,176480,152
13:50,319500,1000,319500,319000,176328,67
13:49,319500,1000,319500,319000,176261,173
13:48,319500,1000,319500,319000,176088,84
13:47,319500,1000,319500,319000,176004,265
13:46,319500,1000,319500,319000,175739,76
13:45,319500,1000,319500,319000,175663,69
13:44,319000,500,319500,319000,175594,226
13:43,319500,1000,319500,319000,175368,1393
13:42,320500,2000,320500,320000,173975,446
13:41,319500,1000,320000,319500,173529,226
13:40,319500,1000,319500,319000,173303,625
13:39,319000,500,319000,318500,172678,374
13:38,318500,0,319000,318500,172304,230
13:37,319000,500,319000,318500,172074,121
13:36,319000,500,319000,318500,171953,47
13:35,319000,500,319000,318500,171906,135
13:34,319000,500,319000,318500,171771,193
13:33,318500,0,319000,318500,171578,108
13:32,319000,500,319000,318500,171470,70
13:31,319000,500,319000,318500,171400,515
13:30,319000,500,319000,318500,170885,35
13:29,319000,500,319000,318500,170850,880
13:28,318500,0,318500,318000,169970,303
13:27,318000,500,318500,318000,169667,359
13:26,318000,500,318500,318000,169308,156
13:25,318500,0,318500,318000,169152,203
13:24,318500,0,318500,318000,168949,205
13:23,318500,0,318500,318000,168744,253
13:22,318000,500,318500,318000,168491,156
13:21,318500,0,318500,318000,168335,100
13:20,318000,500,318500,318000,168235,300
13:19,317500,1000,318000,317500,167935,248
13:18,317500,1000,317500,317000,167687,837
13:17,317500,1000,318000,317500,166850,1749
13:16,318500,0,319000,318500,165101,3144
13:15,319500,1000,320000,319500,161957,48
13:14,319500,1000,320000,319500,161909,377
13:13,319500,1000,319500,319000,161532,382
13:12,319500,1000,319500,319000,161150,102
13:11,319000,500,319500,319000,161048,55
13:10,319500,1000,319500,319000,160993,1028
13:09,319500,1000,320000,319500,159965,150
13:08,320000,1500,320000,319500,159815,191
13:07,320000,1500,320000,319500,159624,408
13:06,320000,1500,320000,319500,159216,154
13:05,320000,1500,320000,319500,159062,85
13:04,319500,1000,320000,319500,158977,166
13:03,320000,1500,320000,319500,158811,109
13:02,319500,1000,320000,319500,158702,100
13:01,320000,1500,320000,319500,158602,40
13:00,320000,1500,320000,319500,158562,489
12:59,319500,1000,319500,319000,158073,70
12:58,319500,1000,319500,319000,158003,96
12:57,319000,500,319500,319000,157907,93
12:56,319500,1000,319500,319000,157814,103
12:55,319500,1000,319500,319000,157711,135
12:54,319500,1000,319500,319000,157576,381
12:53,319000,500,319500,319000,157195,745
12:52,320000,1500,320000,319500,156450,197
12:51,320000,1500,320000,319500,156253,72
12:50,319500,1000,320000,319500,156181,44
12:49,320000,1500,320000,319500,156137,1405
12:48,320000,1500,320500,320000,154732,229
12:47,320500,2000,320500,320000,154503,406
12:46,320500,2000,320500,320000,154097,216
12:45,320000,1500,320000,319500,153881,107
12:44,320000,1500,320000,319500,153774,88
12:43,320000,1500,320000,319500,153686,287
12:42,320000,1500,320000,319500,153399,120
12:41,320000,1500,320000,319500,153279,60
12:40,320000,1500,320000,319500,153219,725
12:39,320000,1500,320500,320000,152494,235
12:38,320500,2000,320500,320000,152259,54
12:37,320500,2000,320500,320000,152205,111
12:36,320000,1500,320000,319500,152094,119
12:35,319500,1000,320000,319500,151975,109
12:34,319500,1000,320000,319500,151866,1040
12:33,320000,1500,320000,319500,150826,1306
12:32,320000,1500,320500,320000,149520,514
12:31,320500,2000,320500,320000,149006,88
12:30,320000,1500,320500,320000,148918,101
12:29,320500,2000,320500,320000,148817,139
12:28,320000,1500,320500,320000,148678,841
12:27,321000,2500,321000,320500,147837,726
12:26,321500,3000,321500,321000,147111,56
12:25,321500,3000,321500,321000,147055,173
12:24,321500,3000,321500,321000,146882,275
12:23,321000,2500,321500,321000,146607,1036
12:22,321000,2500,321000,320500,145571,90
12:21,320500,2000,321000,320500,145481,139
12:20,321000,2500,321000,320500,145342,120
12:19,320500,2000,321000,320500,145222,2774
12:18,321000,2500,321000,320500,142448,82
12:17,320500,2000,321000,320500,142366,417
12:16,320500,2000,321000,320500,141949,302
12:15,320500,2000,321000,320500,141647,712
12:14,320500,2000,321000,320500,140935,107
12:13,321000,2500,321000,320500,140828,115
12:12,320500,2000,321000,320500,140713,79
12:11,320500,2000,321000,320500,140634,160
12:10,321000,2500,321000,320500,140474,156
12:09,320500,2000,321000,320500,140318,151
12:08,321000,2500,321000,320500,140167,250
12:07,320500,2000,321000,320500,139917,138
12:06,321000,2500,321000,320500,139779,23
12:05,320500,2000,321000,320500,139756,219
12:04,321000,2500,321000,320500,139537,516
12:03,321000,2500,321500,321000,139021,1283
12:02,321000,2500,321000,320500,137738,51
12:01,321000,2500,321000,320500,137687,124
12:00,320500,2000,321000,320500,137563,222
11:59,321500,3000,322000,321500,137341,561
11:58,321000,2500,321500,321000,136780,956
11:57,320500,2000,320500,320000,135824,479
11:56,320000,1500,320500,320000,135345,98
11:55,320500,2000,320500,320000,135247,1309
11:54,321000,2500,321000,320500,133938,252
11:53,321000,2500,321000,320500,133686,263
11:52,320500,2000,321000,320500,133423,37
11:51,321000,2500,321000,320500,133386,146
11:50,320500,2000,321000,320500,133240,143
11:49,320500,2000,321000,320500,133097,134
11:48,320500,2000,321000,320500,132963,117
11:47,321000,2500,321000,320500,132846,93
11:46,320500,2000,321000,320500,132753,289
11:45,320500,2000,320500,320000,132464,291
11:44,320000,1500,320500,320000,132173,699
11:43,321000,2500,321000,320500,131474,68
11:42,321000,2500,321000,320500,131406,108
11:41,320500,2000,321000,320500,131298,414
11:40,321500,3000,321500,321000,130884,146
11:39,320500,2000,321000,320500,130738,124
11:38,321000,2500,321500,321000,130614,183
11:37,321000,2500,321500,321000,130431,381
11:36,320500,2000,321000,320500,130050,200
11:35,320500,2000,321000,320500,129850,310
11:34,320000,1500,320500,320000,129540,487
11:33,321000,2500,321000,320500,129053,65
11:32,321000,2500,321000,320500,128988,142
11:31,321000,2500,321500,321000,128846,320
11:30,321000,2500,321500,321000,128526,126
11:29,321500,3000,322000,321000,128400,318
11:28,322000,3500,322000,321500,128082,695
11:27,322000,3500,322500,322000,127387,505
11:26,322000,3500,322000,321500,126882,148
11:25,321500,3000,322000,321500,126734,309
11:24,321500,3000,322000,321500,126425,144
11:23,321500,3000,322000,321500,126281,328
11:22,322000,3500,322000,321500,125953,176
11:21,321500,3000,321500,321000,125777,171
11:20,321500,3000,321500,321000,125606,662
11:19,320000,1500,320500,320000,124944,154
11:18,320500,2000,320500,320000,124790,317
11:17,320500,2000,320500,320000,124473,285
11:16,320500,2000,320500,320000,124188,709
11:15,320500,2000,321000,320500,123479,40
11:14,320500,2000,321000,320500,123439,50
11:13,321000,2500,321000,320500,123389,166
11:12,321000,2500,321000,320500,123223,769
11:11,321000,2500,321500,321000,122454,135
11:10,321000,2500,321500,321000,122319,44
11:09,321000,2500,321500,321000,122275,1358
11:08,320000,1500,320500,320000,120917,980
11:07,321500,3000,322000,321500,119937,248
11:06,321500,3000,322000,321500,119689,771
11:05,321500,3000,322000,321500,118918,225
11:04,320500,2000,321000,320500,118693,193
11:03,320500,2000,321000,320500,118500,886
11:02,321500,3000,321500,321000,117614,736
11:01,322000,3500,322000,321500,116878,702
11:00,322500,4000,322500,322000,116176,1056
10:59,322500,4000,322500,322000,115120,194
10:58,322000,3500,322500,322000,114926,809
10:57,322000,3500,322000,321500,114117,601
10:56,323500,5000,324000,323500,113516,1537
10:55,324500,6000,324500,324000,111979,666
10:54,324000,5500,324000,323500,111313,434
10:53,324000,5500,324000,323500,110879,123
10:52,324000,5500,324000,323500,110756,1785
10:51,324000,5500,324000,323500,108971,1965
10:50,323000,4500,323000,322500,107006,623
10:49,322500,4000,322500,322000,106383,478
10:48,322500,4000,322500,322000,105905,813
10:47,323000,4500,323000,322500,105092,533
10:46,323000,4500,323000,322500,104559,1276
10:45,323000,4500,323500,323000,103283,831
10:44,323000,4500,323000,322500,102452,915
10:43,322500,4000,322500,322000,101537,746
10:42,321500,3000,322000,321500,100791,521
10:41,321500,3000,321500,321000,100270,384
10:40,321500,3000,322000,321500,99886,323
10:39,321500,3000,322000,321500,99563,1744
10:38,321500,3000,322000,321500,97819,881
10:37,321500,3000,322000,321500,96938,1397
10:36,321500,3000,322000,321500,95541,1621
10:35,321000,2500,321500,321000,93920,350
10:34,322000,3500,322000,321500,93570,1190
10:33,320000,1500,320500,320000,92380,1024
10:32,320000,1500,320000,319500,91356,1307
10:31,319000,500,319000,318500,90049,101
10:30,319000,500,319000,318500,89948,40
10:29,318500,0,319000,318500,89908,981
10:28,319000,500,319000,318500,88927,944
10:27,317500,1000,318000,317500,87983,65
10:26,318000,500,318000,317500,87918,212
10:25,318000,500,318000,317500,87706,444
10:24,318000,500,318000,317500,87262,546
10:23,317500,1000,318000,317500,86716,194
10:22,317000,1500,317500,317000,86522,335
10:21,316500,2000,317000,316500,86187,602
10:20,318000,500,318000,317500,85585,257
10:19,317500,1000,318000,317500,85328,341
10:18,317000,1500,317500,317000,84987,219
10:17,317000,1500,317000,316500,84768,215
10:16,317000,1500,317000,316500,84553,261
10:15,317000,1500,317000,316500,84292,335
10:14,317000,1500,317500,317000,83957,221
10:13,317000,1500,317500,317000,83736,332
10:12,316000,2500,316500,316000,83404,327
10:11,317000,1500,317000,316500,83077,226
10:10,317000,1500,317500,316500,82851,312
10:09,317500,1000,317500,317000,82539,916
10:08,317000,1500,317000,316500,81623,213
10:07,317000,1500,317000,316500,81410,1748
10:06,318000,500,318000,317500,79662,474
10:05,318000,500,319000,318000,79188,323
10:04,318000,500,318500,318000,78865,419
10:03,318000,500,318000,317500,78446,1312
10:02,318000,500,318500,318000,77134,120
10:01,318500,0,318500,318000,77014,358
10:00,319000,500,319000,318500,76656,226
09:59,319000,500,319500,319000,76430,377
09:58,319000,500,319000,318500,76053,331
09:57,318500,0,319000,318500,75722,398
09:56,319000,500,319000,318500,75324,1769
09:55,318500,0,319000,318500,73555,151
09:54,319000,500,319000,318500,73404,395
09:53,318500,0,319000,318500,73009,163
09:52,318500,0,319000,318500,72846,137
09:51,319000,500,319000,318500,72709,1276
09:50,319500,1000,319500,319000,71433,755
09:49,319000,500,319000,318500,70678,257
09:48,318500,0,319000,318500,70421,198
09:47,318500,0,319000,318500,70223,545
09:46,318000,500,318000,317500,69678,979
09:45,318500,0,319000,318500,68699,1156
09:44,319000,500,319000,318500,67543,127
09:43,318500,0,319000,318500,67416,334
09:42,318500,0,319000,318500,67082,640
09:41,317500,1000,318000,317500,66442,341
09:40,318000,500,318000,317500,66101,162
09:39,317500,1000,318000,317500,65939,874
09:38,318500,0,318500,318000,65065,1296
09:37,319000,500,319500,319000,63769,474
09:36,319000,500,319000,318500,63295,372
09:35,318000,500,318500,318000,62923,431
09:34,319000,500,319000,318500,62492,394
09:33,318500,0,319000,318500,62098,1187
09:32,319000,500,319500,319000,60911,1699
09:31,317500,1000,318000,317500,59212,748
09:30,317000,1500,317500,317000,58464,694
09:29,316000,2500,316500,316000,57770,326
09:28,316500,2000,317000,316500,57444,1561
09:27,316000,2500,316500,316000,55883,484
09:26,316500,2000,317000,316500,55399,826
09:25,316500,2000,317000,316500,54573,374
09:24,316000,2500,316500,316000,54199,100
09:23,316500,2000,316500,316000,54099,700
09:22,315000,3500,315500,315000,53399,389
09:21,315000,3500,315500,315000,53010,1416
09:20,317000,1500,317000,316500,51594,212
09:19,316500,2000,317000,316500,51382,769
09:18,315500,3000,315500,315000,50613,533
09:17,316000,2500,316000,315500,50080,1015
09:16,315500,3000,316000,315500,49065,2516
09:15,317000,1500,317000,316500,46549,1052
09:14,317000,1500,317000,316500,45497,580
09:13,317500,1000,317500,317000,44917,983
09:12,318500,0,318500,318000,43934,603
09:11,318500,0,318500,318000,43331,438
09:10,317500,1000,318000,317000,42893,803
09:09,318000,500,318000,317500,42090,673
09:08,318000,500,317500,317000,41417,2563
09:07,316500,2000,316500,316000,38854,568
09:06,316000,2500,316500,316000,38286,4356
09:05,318000,500,318000,317500,33930,2907
09:04,317000,1500,318000,317000,31023,8355
09:03,316000,2500,317000,316000,22668,1514
09:02,315500,3000,316000,315500,21154,1683
09:01,316000,2500,316500,316000,19471,4132
09:00,314500,4000,315000,314500,15339,15339
