﻿stck_bsop_date,stck_clpr,stck_oprc,stck_hgpr,stck_lwpr,acml_vol,acml_tr_pbmn,flng_cls_code,prtt_rate,mod_yn,prdy_vrss_sign,prdy_vrss,revl_issu_reas
20220801,97100,97200,98100,96500,2007646,195150654462,00,0.00,N,5,-800,
20220729,97900,99900,100000,97400,3899079,382602153100,00,0.00,N,5,-1500,
20220728,99400,101000,101500,98900,3359717,335356694300,00,0.00,N,5,-600,
20220727,100000,101000,101500,98600,3159499,315123152800,00,0.00,N,5,-500,
20220726,100500,100500,101000,99100,1636970,164328558800,00,0.00,N,2,500,
20220725,100000,99100,101500,98900,2185108,219113615100,00,0.00,N,3,0,
20220722,100000,102500,102500,100000,3126556,315391441000,00,0.00,N,5,-2500,
20220721,102500,102000,103000,100500,2143984,218487709000,00,0.00,N,2,500,
20220720,102000,103000,104500,101000,3981053,406686893500,00,0.00,N,2,2000,
20220719,100000,100000,100500,98700,2709084,269911638800,00,0.00,N,5,-1000,
20220718,101000,101000,103500,100000,4564780,464011815400,00,0.00,N,2,2300,
20220715,98700,95900,99000,95500,4457208,434627155600,00,0.00,N,2,4700,
20220714,94000,92800,95500,92300,2550307,239956379900,00,0.00,N,3,0,
20220713,94000,94600,96400,93800,2721816,258620343000,00,0.00,N,2,700,
20220712,93300,94000,94000,91700,2385688,221641294600,00,0.00,N,5,-400,
20220711,93700,95000,95700,93500,1885425,178083167400,00,0.00,N,5,-1100,
20220708,94800,95900,96500,94500,2814478,269081541900,00,0.00,N,2,900,
20220707,93900,91300,95200,91300,3330794,313090153800,00,0.00,N,2,1800,
20220706,92100,92800,93600,90900,3981326,367383115600,00,0.00,N,5,-400,
20220705,92500,90400,93400,90400,3560085,328065708900,00,0.00,N,2,3400,
20220704,89100,87500,89600,86300,4331728,382388292200,00,0.00,N,2,1600,
20220701,87500,91000,92500,87100,4959176,440689971812,00,0.00,N,5,-3500,
20220630,91000,91500,93100,91000,3098854,284596262600,00,0.00,N,5,-3000,
20220629,94000,93300,94900,92900,2529973,237096895400,05,0.00,N,5,-1300,
20220628,95300,94500,95300,93700,2022966,191563545550,00,0.00,N,2,300,
20220627,95000,92700,96100,92600,3408749,322782387700,00,0.00,N,2,3400,
20220624,91600,90500,92000,90500,3045970,278278274300,00,0.00,N,2,1400,
20220623,90200,92100,93000,89700,3983116,362603763000,00,0.00,N,5,-2000,
20220622,92200,95700,95700,91700,3509830,326448858700,00,0.00,N,5,-3000,
20220621,95200,94700,95900,93900,2707302,256916587444,00,0.00,N,2,700,
20220620,94500,96700,96800,93100,2386222,224647331300,00,0.00,N,5,-1900,
20220617,96400,95100,96400,95000,3965464,379777056285,00,0.00,N,5,-1000,
20220616,97400,99900,101500,97100,3810703,379577327900,00,0.00,N,5,-500,
20220615,97900,98500,98900,96700,2578500,251800088000,00,0.00,N,5,-1200,
20220614,99100,96900,99600,96800,3242550,319154836100,00,0.00,N,2,100,
20220613,99000,100000,101000,99000,4133447,412791154508,00,0.00,N,5,-4500,
20220610,103500,104000,104500,102500,3480289,358674454500,00,0.00,N,5,-2000,
20220609,105500,105500,107000,104500,4640744,491231766000,00,0.00,N,5,-500,
20220608,106000,104500,107500,104500,3075530,326582976052,00,0.00,N,2,2000,
20220607,104000,105500,106000,103500,3174521,332407380500,00,0.00,N,5,-3000,
20220603,107000,108000,108500,107000,1638006,176160698000,00,0.00,N,3,0,
20220602,107000,106000,107500,106000,3097583,330342100540,00,0.00,N,5,-1000,
20220531,108000,106500,108000,105500,4024509,431706106000,00,0.00,N,2,1000,
20220530,107000,108000,108000,106000,2054526,219413029151,00,0.00,N,2,1000,
20220527,106000,105500,107000,105000,3686487,390822023500,00,0.00,N,2,3000,
20220526,103000,107500,108500,101500,8523001,893078934000,00,0.00,N,5,-5000,
20220525,108000,109500,110000,107000,4151560,449253686500,00,0.00,N,5,-500,
20220524,108500,111500,112000,108500,4491835,493006547000,00,0.00,N,5,-4500,
20220523,113000,113000,113500,111000,3160028,355053959000,00,0.00,N,2,500,
20220520,112500,111500,113000,111000,2398978,269003284000,00,0.00,N,2,1500,
20220519,111000,110500,112500,110000,3680049,409121264500,00,0.00,N,5,-2500,
20220518,113500,114000,115000,113000,3570113,407130704500,00,0.00,N,2,1000,
20220517,112500,111000,113000,110500,2056143,230228679500,00,0.00,N,2,2000,
20220516,110500,113500,114000,110000,3930044,437751618500,00,0.00,N,5,-2000,
20220513,112500,109000,112500,109000,4003349,446418243500,00,0.00,N,2,3500,
20220512,109000,109500,111500,108500,4132948,453649533500,00,0.00,N,5,-1500,
20220511,110500,110500,112500,108000,3658168,404954668500,00,0.00,N,2,500,
20220510,110000,107000,111000,107000,4141923,450008878000,00,0.00,N,2,2500,
20220509,107500,107000,109000,106500,2203472,237914727500,00,0.00,N,3,0,
20220506,107500,108000,108500,106500,2566813,276060648705,00,0.00,N,5,-2000,
20220504,109500,110500,111000,108500,2491890,272895368240,00,0.00,N,5,-500,
20220503,110000,111000,112000,109500,2676115,296292858500,00,0.00,N,5,-500,
20220502,110500,110000,111500,110000,2175384,240458517500,00,0.00,N,5,-2000,
20220429,112500,110000,112500,109500,3752415,418644000000,00,0.00,N,2,3000,
20220428,109500,109500,110000,108000,2804966,305740621500,00,0.00,N,2,1000,
20220427,108500,108000,109500,107500,3261290,352792663045,00,0.00,N,5,-2500,
20220426,111000,109500,111000,108000,2969516,325299479000,00,0.00,N,2,3000,
20220425,108000,109000,109500,108000,2282343,247214177500,00,0.00,N,5,-2500,
20220422,110500,110500,112000,110500,2360834,261795079000,00,0.00,N,5,-2500,
20220421,113000,112500,115000,112500,3199858,364498039000,00,0.00,N,2,500,
20220420,112500,112500,113000,111000,2905007,325207220500,00,0.00,N,3,0,
20220419,112500,110000,112500,109500,3021192,337878469500,00,0.00,N,2,3500,
20220418,109000,107000,109500,106500,2670439,289567673000,00,0.00,N,2,1000,
20220415,108000,108000,108500,107000,3694012,397259250000,00,0.00,N,5,-2000,
20220414,110000,113000,113000,110000,4715700,522072911000,00,0.00,N,5,-3000,
20220413,113000,112000,113000,111000,2484490,278810904000,00,0.00,N,2,2000,
20220412,111000,110500,113000,110500,2738163,305373585500,00,0.00,N,5,-500,
20220411,111500,111000,113000,110500,2390786,266927086000,00,0.00,N,5,-500,
20220408,112000,113000,114000,110500,4268316,478158280000,00,0.00,N,5,-1500,
20220407,113500,111500,114500,110500,5027865,564777583500,00,0.00,N,2,500,
20220406,113000,114500,115500,113000,4541938,515844891500,00,0.00,N,5,-3500,
20220405,116500,117500,118000,116000,2101474,245221124000,00,0.00,N,5,-500,
20220404,117000,115000,117500,114500,2470792,286487173000,00,0.00,N,2,1000,
