﻿stck_bsop_date,stck_clpr,stck_oprc,stck_hgpr,stck_lwpr,acml_vol,acml_tr_pbmn,flng_cls_code,prtt_rate,mod_yn,prdy_vrss_sign,prdy_vrss,revl_issu_reas
20240401,227500,234500,235000,227000,898781,206001335000,00,0.00,N,5,-5500,
20240329,233000,238000,239000,232000,852346,199375105000,00,0.00,N,5,-4000,
20240328,237000,246000,246000,236000,1050347,251106806861,00,0.00,N,5,-7000,
20240327,244000,241000,247500,240500,818180,200337238300,00,0.00,N,2,3500,
20240326,240500,239000,244000,238500,802094,194080813000,00,0.00,N,2,1000,
20240325,239500,244000,245500,239500,784822,189249024000,00,0.00,N,5,-4000,
20240322,243500,252500,254000,241000,1091572,267944407500,00,0.00,N,5,-8500,
20240321,252000,247000,254000,246000,1578378,395536371500,00,0.00,N,2,11000,
20240320,241000,240000,246000,237500,1230314,297828813000,00,0.00,N,2,3500,
20240319,237500,241000,244000,236000,944727,225317747000,00,0.00,N,5,-5000,
20240318,242500,244000,247500,241000,723835,176382891000,00,0.00,N,5,-1000,
20240315,243500,250000,254500,243500,1175933,291370566500,00,0.00,N,5,-8000,
20240314,251500,248000,255000,246000,1574794,397074225000,00,0.00,N,2,3000,
20240313,248500,243500,250000,241000,1413782,347080199500,00,0.00,N,2,7000,
20240312,241500,244000,247000,240000,1096802,266579336000,00,0.00,N,5,-2000,
20240311,243500,251000,252500,242000,1178615,291020168000,00,0.00,N,5,-9500,
20240308,253000,251500,255000,249500,1210240,306051347000,00,0.00,N,2,3000,
20240307,250000,252500,258000,247500,988457,248698400000,00,0.00,N,5,-1000,
20240306,251000,247000,254000,246000,1103072,275962136680,00,0.00,N,2,2000,
20240305,249000,251500,254500,247500,1436614,360144467000,00,0.00,N,5,-6500,
20240304,255500,255500,260000,253000,1854280,474689895500,00,0.00,N,2,5000,
20240229,250500,246500,253500,243500,2056620,512342792000,00,0.00,N,2,2500,
20240228,248000,234000,250000,231500,1911431,464303162500,02,0.00,N,2,9500,
20240227,238500,239000,244500,237500,1265434,304725022650,00,0.00,N,5,-500,
20240226,239000,237500,241000,231500,1751340,415531069432,00,0.00,N,5,-5000,
20240223,244000,244000,249500,242000,1660625,406466967514,00,0.00,N,2,500,
20240222,243500,239000,245500,237500,1475580,357557536000,00,0.00,N,2,4000,
20240221,239500,242000,246000,237500,1149137,276504412500,00,0.00,N,5,-2500,
20240220,242000,250000,253000,238500,1944653,473836322500,00,0.00,N,5,-10500,
20240219,252500,253500,257000,248500,1801441,455378094500,00,0.00,N,3,0,
20240216,252500,241500,253000,235500,2261790,552222066500,00,0.00,N,2,12500,
20240215,240000,250000,250500,237000,2103428,505075047500,00,0.00,N,5,-5500,
20240214,245500,245000,251000,244500,1702299,421102213305,00,0.00,N,5,-3500,
20240213,249000,251000,261000,247500,2690468,682532483254,00,0.00,N,5,-1000,
20240208,250000,243000,250500,241500,3017429,747064687000,00,0.00,N,2,5000,
20240207,245000,239000,246500,238000,2711612,660905617000,00,0.00,N,2,9500,
20240206,235500,234000,240000,230500,3293825,776745665992,00,0.00,N,5,-2500,
20240205,238000,233500,239500,226000,5742710,1343671147938,00,0.00,N,2,11000,
20240202,227000,221500,228000,214000,5844398,1295034318500,00,0.00,N,2,19000,
20240201,208000,193900,209000,193500,2855056,584985316700,00,0.00,N,2,13400,
20240131,194600,189300,195400,188500,1053355,204149289900,00,0.00,N,2,4600,
20240130,190000,196000,196600,189300,955999,183498333520,00,0.00,N,5,-5600,
20240129,195600,187300,197300,186600,1199045,231795528239,00,0.00,N,2,8300,
20240126,187300,189300,189600,186500,468376,87936991200,00,0.00,N,5,-1400,
20240125,188700,184400,190500,183500,778658,146597550900,00,0.00,N,2,3700,
20240124,185000,185300,185400,182100,345726,63683744800,00,0.00,N,2,200,
20240123,184800,181200,184800,180900,376671,69196515000,00,0.00,N,2,4700,
20240122,180100,182300,182400,179800,391914,70789557844,00,0.00,N,5,-1600,
20240119,181700,183000,183000,180100,288166,52235709100,00,0.00,N,2,1500,
20240118,180200,180000,182500,179900,433597,78405920200,00,0.00,N,5,-1600,
20240117,181800,186300,186400,181000,481127,87827255300,00,0.00,N,5,-4400,
20240116,186200,186600,188100,185700,225780,42113540200,00,0.00,N,5,-1300,
20240115,187500,186000,188600,185800,251099,47052270200,00,0.00,N,2,1500,
20240112,186000,186600,187400,185800,240690,44861057600,00,0.00,N,5,-1000,
20240111,187000,187200,189000,187000,538799,101089164800,00,0.00,N,2,300,
20240110,186700,185600,187300,185200,330767,61685148200,00,0.00,N,2,1100,
20240109,185600,187800,187800,185500,349068,64931807100,00,0.00,N,5,-100,
20240108,185700,187600,188900,185500,323498,60393821200,00,0.00,N,5,-1600,
20240105,187300,190100,190500,187200,440219,82935902200,00,0.00,N,5,-2700,
20240104,190000,192000,192800,189100,505979,96218829900,00,0.00,N,5,-3800,
20240103,193800,199100,199500,193800,548675,107385652600,00,0.00,N,5,-6700,
20240102,200500,202000,202500,199800,373050,74805824500,00,0.00,N,5,-3000,
20231228,203500,198800,203500,198400,766503,154695948000,00,0.00,N,2,5000,
20231227,198500,198700,199300,197200,331186,65619176150,00,0.00,N,5,-300,
20231226,198800,200500,200500,197700,409928,81491259500,00,0.00,N,5,-200,
20231222,199000,200000,200500,198500,347866,69334339900,00,0.00,N,2,300,
20231221,198700,197500,202000,197100,545031,108227909800,00,0.00,N,5,-400,
20231220,199100,192700,199700,192600,961888,190347329200,00,0.00,N,2,6900,
20231219,192200,191900,192900,190800,272670,52376679900,00,0.00,N,2,200,
20231218,192000,192800,193000,190000,482331,92359287700,00,0.00,N,5,-800,
20231215,192800,185800,192800,185200,1228522,234858412100,00,0.00,N,2,8000,
20231214,184800,187000,187100,184200,760383,140818419900,00,0.00,N,5,-200,
20231213,185000,185300,186200,184400,287425,53276472900,00,0.00,N,5,-600,
20231212,185600,185500,186400,185000,332590,61803422600,00,0.00,N,2,200,
20231211,185400,185400,185400,184000,218073,40295308500,00,0.00,N,2,300,
20231208,185100,183600,185700,183400,327749,60573899400,00,0.00,N,2,2500,
20231207,182600,181400,183300,181400,296154,54011504200,00,0.00,N,5,-300,
20231206,182900,181100,183400,181100,280528,51242928500,00,0.00,N,2,1500,
20231205,181400,181600,182000,180700,275980,50045196200,00,0.00,N,5,-200,
20231204,181600,183900,184100,181600,378913,69034844700,00,0.00,N,5,-1200,
