﻿체결시각,체결가,전일비,매도,매수,거래량,변동량
15:58,63000,100,0,63000,30043040,653
15:57,63000,100,0,63000,30042387,1393
15:56,63000,100,0,63000,30040994,108
15:55,63000,100,0,63000,30040886,215
15:54,63000,100,0,63000,30040671,49
15:53,63000,100,0,63000,30040622,46
15:52,63000,100,0,63000,30040576,54
15:51,63000,100,0,63000,30040522,181
15:50,63000,100,0,63000,30040341,955
15:49,63000,100,0,63000,30039386,275
15:48,63000,100,0,63000,30039111,939
15:47,63000,100,0,63000,30038172,1159
15:46,63000,100,0,63000,30037013,666
15:45,63000,100,0,0,30036347,178
15:44,63000,100,0,63000,30036169,418
15:43,63000,100,0,63000,30035751,1417
15:42,63000,100,0,63000,30034334,1607
15:41,63000,100,0,63000,30032727,1097
15:40,63000,100,0,63000,30031630,13583
15:30,63000,100,63000,62900,30018047,5802221
15:19,63300,200,63300,63200,24215826,471674
15:18,63300,200,63300,63200,23744152,90811
15:17,63200,100,63300,63200,23653341,55429
15:16,63300,200,63300,63200,23597912,103358
15:15,63300,200,63300,63200,23494554,291209
15:14,63300,200,63400,63300,23203345,50617
15:13,63400,300,63400,63300,23152728,30242
15:12,63400,300,63400,63300,23122486,21862
15:11,63400,300,63400,63300,23100624,15440
15:10,63400,300,63400,63300,23085184,22253
15:09,63400,300,63400,63300,23062931,89076
15:08,63300,200,63400,63300,22973855,48620
15:07,63400,300,63400,63300,22925235,28797
15:06,63300,200,63400,63300,22896438,21999
15:05,63300,200,63400,63300,22874439,27905
15:04,63400,300,63400,63300,22846534,22594
15:03,63400,300,63400,63300,22823940,321802
15:02,63500,400,63600,63500,22502138,16573
15:01,63600,500,63600,63500,22485565,9374
15:00,63500,400,63600,63500,22476191,60030
14:59,63500,400,63500,63400,22416161,322809
14:58,63400,300,63400,63300,22093352,29485
14:57,63300,200,63400,63300,22063867,33440
14:56,63400,300,63400,63300,22030427,33304
14:55,63400,300,63400,63300,21997123,24802
14:54,63400,300,63400,63300,21972321,20145
14:53,63400,300,63400,63300,21952176,14629
14:52,63300,200,63400,63300,21937547,28404
14:51,63400,300,63400,63300,21909143,23402
14:50,63400,300,63400,63300,21885741,14599
14:49,63300,200,63400,63300,21871142,16274
14:48,63400,300,63400,63300,21854868,30026
14:47,63300,200,63400,63300,21824842,21765
14:46,63300,200,63400,63300,21803077,86890
14:45,63400,300,63500,63400,21716187,188098
14:44,63400,300,63500,63400,21528089,64489
14:43,63500,400,63500,63400,21463600,25883
14:42,63500,400,63500,63400,21437717,18391
14:41,63400,300,63500,63400,21419326,46777
14:40,63500,400,63500,63400,21372549,27152
14:39,63500,400,63500,63400,21345397,21841
14:38,63500,400,63500,63400,21323556,43382
14:37,63500,400,63500,63400,21280174,17827
14:36,63400,300,63500,63400,21262347,15879
14:35,63500,400,63500,63400,21246468,25186
14:34,63400,300,63500,63400,21221282,17290
14:33,63500,400,63500,63400,21203992,19050
14:32,63500,400,63500,63400,21184942,27049
14:31,63500,400,63500,63400,21157893,37137
14:30,63400,300,63500,63400,21120756,31418
14:29,63400,300,63500,63400,21089338,19698
14:28,63400,300,63500,63400,21069640,15260
14:27,63500,400,63500,63400,21054380,26860
14:26,63500,400,63500,63400,21027520,20334
14:25,63500,400,63500,63400,21007186,25764
14:24,63400,300,63500,63400,20981422,69386
14:23,63500,400,63500,63400,20912036,25017
14:22,63500,400,63500,63400,20887019,15390
14:21,63500,400,63500,63400,20871629,219131
14:20,63500,400,63600,63500,20652498,20244
14:19,63600,500,63600,63500,20632254,11716
14:18,63600,500,63600,63500,20620538,14784
14:17,63600,500,63600,63500,20605754,11081
14:16,63500,400,63600,63500,20594673,15928
14:15,63600,500,63600,63500,20578745,13077
14:14,63600,500,63600,63500,20565668,14377
14:13,63500,400,63600,63500,20551291,9546
14:12,63500,400,63600,63500,20541745,22132
14:11,63600,500,63600,63500,20519613,9269
14:10,63500,400,63600,63500,20510344,15555
14:09,63600,500,63600,63500,20494789,57629
14:08,63600,500,63600,63500,20437160,13435
14:07,63600,500,63600,63500,20423725,66003
14:06,63600,500,63600,63500,20357722,13560
14:05,63500,400,63600,63500,20344162,9692
14:04,63500,400,63600,63500,20334470,9188
14:03,63600,500,63600,63500,20325282,16572
14:02,63600,500,63600,63500,20308710,18411
14:01,63600,500,63600,63500,20290299,9301
14:00,63600,500,63600,63500,20280998,30397
13:59,63500,400,63600,63500,20250601,23841
13:58,63600,500,63600,63500,20226760,21900
13:57,63600,500,63600,63500,20204860,190961
13:56,63700,600,63700,63600,20013899,18219
13:55,63700,600,63700,63600,19995680,15272
13:54,63700,600,63700,63600,19980408,20466
13:53,63700,600,63700,63600,19959942,196319
13:52,63800,700,63800,63700,19763623,30608
13:51,63800,700,63800,63700,19733015,23701
13:50,63700,600,63800,63700,19709314,11390
13:49,63700,600,63800,63700,19697924,12078
13:48,63800,700,63800,63700,19685846,12689
13:47,63700,600,63800,63700,19673157,9580
13:46,63700,600,63800,63700,19663577,211973
13:45,63900,800,63900,63800,19451604,13335
13:44,63900,800,63900,63800,19438269,10261
13:43,63900,800,63900,63800,19428008,7810
13:42,63800,700,63900,63800,19420198,10035
13:41,63800,700,63900,63800,19410163,6863
13:40,63900,800,63900,63800,19403300,21231
13:39,63800,700,63900,63800,19382069,11270
13:38,63800,700,63900,63800,19370799,18819
13:37,63800,700,63900,63800,19351980,6834
13:36,63900,800,63900,63800,19345146,26807
13:35,63900,800,63900,63800,19318339,6842
13:34,63900,800,63900,63800,19311497,18096
13:33,63800,700,63900,63800,19293401,5802
13:32,63900,800,63900,63800,19287599,9430
13:31,63900,800,63900,63800,19278169,253328
13:30,63700,600,63800,63700,19024841,11388
13:29,63700,600,63800,63700,19013453,9574
13:28,63800,700,63800,63700,19003879,14672
13:27,63800,700,63800,63700,18989207,20949
13:26,63800,700,63800,63700,18968258,13162
13:25,63700,600,63800,63700,18955096,21431
13:24,63800,700,63800,63700,18933665,29379
13:23,63700,600,63800,63700,18904286,13455
13:22,63800,700,63800,63700,18890831,10841
13:21,63700,600,63800,63700,18879990,12923
13:20,63700,600,63800,63700,18867067,9973
13:19,63800,700,63800,63700,18857094,9903
13:18,63800,700,63800,63700,18847191,25002
13:17,63800,700,63800,63700,18822189,17168
13:16,63700,600,63800,63700,18805021,13202
13:15,63700,600,63800,63700,18791819,13805
13:14,63700,600,63800,63700,18778014,10870
13:13,63800,700,63800,63700,18767144,15725
13:12,63800,700,63800,63700,18751419,16693
13:11,63700,600,63800,63700,18734726,21263
13:10,63700,600,63800,63700,18713463,14971
13:09,63800,700,63800,63700,18698492,18721
13:08,63700,600,63800,63700,18679771,17229
13:07,63800,700,63800,63700,18662542,17039
13:06,63800,700,63800,63700,18645503,25921
13:05,63800,700,63800,63700,18619582,10517
13:04,63800,700,63800,63700,18609065,4647
13:03,63700,600,63800,63700,18604418,150001
13:02,63800,700,63900,63800,18454417,24206
13:01,63800,700,63900,63800,18430211,7181
13:00,63900,800,63900,63800,18423030,7011
12:59,63900,800,63900,63800,18416019,42169
12:58,64000,900,64000,63900,18373850,10253
12:57,63900,800,64000,63900,18363597,68346
12:56,64000,900,64000,63900,18295251,76774
12:55,63800,700,63900,63800,18218477,9533
12:54,63900,800,63900,63800,18208944,46028
12:53,63900,800,64000,63900,18162916,117725
12:52,63900,800,63900,63800,18045191,6954
12:51,63800,700,63900,63800,18038237,31331
12:50,63800,700,63800,63700,18006906,59479
12:49,63900,800,63900,63800,17947427,60815
12:48,63800,700,63800,63700,17886612,8918
12:47,63800,700,63800,63700,17877694,9818
12:46,63700,600,63800,63700,17867876,54451
12:45,63800,700,63900,63800,17813425,61403
12:44,63700,600,63800,63700,17752022,13929
12:43,63700,600,63800,63700,17738093,18117
12:42,63700,600,63700,63600,17719976,59516
12:41,63700,600,63700,63600,17660460,67266
12:40,63700,600,63700,63600,17593194,18052
12:39,63700,600,63700,63600,17575142,11418
12:38,63700,600,63700,63600,17563724,7801
12:37,63700,600,63700,63600,17555923,108909
12:36,63600,500,63600,63500,17447014,7523
12:35,63600,500,63600,63500,17439491,8255
12:34,63600,500,63600,63500,17431236,157896
12:33,63500,400,63500,63400,17273340,13160
12:32,63500,400,63500,63400,17260180,9182
12:31,63400,300,63500,63400,17250998,9448
12:30,63500,400,63500,63400,17241550,19985
12:29,63400,300,63500,63400,17221565,13909
12:28,63500,400,63500,63400,17207656,6700
12:27,63500,400,63500,63400,17200956,12906
12:26,63500,400,63500,63400,17188050,12133
12:25,63400,300,63500,63400,17175917,25224
12:24,63500,400,63500,63400,17150693,18018
12:23,63400,300,63500,63400,17132675,97193
12:22,63600,500,63600,63500,17035482,98368
12:21,63500,400,63600,63500,16937114,10353
12:20,63600,500,63600,63500,16926761,11557
12:19,63500,400,63600,63500,16915204,23985
12:18,63600,500,63600,63500,16891219,21820
12:17,63600,500,63600,63500,16869399,18771
12:16,63500,400,63600,63500,16850628,7526
12:15,63600,500,63600,63500,16843102,20738
12:14,63600,500,63600,63500,16822364,21775
12:13,63500,400,63600,63500,16800589,19698
12:12,63600,500,63600,63500,16780891,59947
12:11,63600,500,63600,63500,16720944,7616
12:10,63600,500,63600,63500,16713328,186896
12:09,63400,300,63500,63400,16526432,23660
12:08,63400,300,63500,63400,16502772,18141
12:07,63500,400,63500,63400,16484631,47466
12:06,63500,400,63500,63400,16437165,221753
12:05,63600,500,63600,63500,16215412,145093
12:04,63600,500,63600,63500,16070319,273786
12:03,63700,600,63700,63600,15796533,8904
12:02,63700,600,63700,63600,15787629,12223
12:01,63700,600,63700,63600,15775406,12590
12:00,63700,600,63700,63600,15762816,20624
11:59,63600,500,63700,63600,15742192,28279
11:58,63700,600,63700,63600,15713913,12925
11:57,63600,500,63700,63600,15700988,25801
11:56,63700,600,63700,63600,15675187,8964
11:55,63600,500,63700,63600,15666223,8284
11:54,63600,500,63700,63600,15657939,21601
11:53,63600,500,63700,63600,15636338,13332
11:52,63700,600,63700,63600,15623006,11360
11:51,63600,500,63700,63600,15611646,12970
11:50,63700,600,63700,63600,15598676,32983
11:49,63700,600,63700,63600,15565693,19780
11:48,63700,600,63700,63600,15545913,10032
11:47,63700,600,63700,63600,15535881,15364
11:46,63700,600,63700,63600,15520517,16029
11:45,63700,600,63700,63600,15504488,24787
11:44,63700,600,63700,63600,15479701,14963
11:43,63700,600,63700,63600,15464738,10332
11:42,63700,600,63700,63600,15454406,5969
11:41,63700,600,63700,63600,15448437,9409
11:40,63700,600,63700,63600,15439028,9772
11:39,63700,600,63700,63600,15429256,9174
11:38,63700,600,63700,63600,15420082,11620
11:37,63700,600,63700,63600,15408462,10346
11:36,63600,500,63700,63600,15398116,113381
11:35,63800,700,63800,63700,15284735,6304
11:34,63800,700,63800,63700,15278431,13893
11:33,63800,700,63800,63700,15264538,6958
11:32,63800,700,63800,63700,15257580,7456
11:31,63800,700,63800,63700,15250124,8642
11:30,63700,600,63800,63700,15241482,25249
11:29,63700,600,63700,63600,15216233,32714
11:28,63700,600,63700,63600,15183519,22201
11:27,63700,600,63700,63600,15161318,49439
11:26,63800,700,63800,63700,15111879,53854
11:25,63700,600,63700,63600,15058025,98395
11:24,63700,600,63700,63600,14959630,40774
11:23,63700,600,63700,63600,14918856,565917
11:22,63900,800,63900,63800,14352939,8837
11:21,63900,800,63900,63800,14344102,9956
11:20,63900,800,63900,63800,14334146,282884
11:19,64000,900,64000,63900,14051262,9839
11:18,64000,900,64000,63900,14041423,18191
11:17,64000,900,64000,63900,14023232,20705
11:16,63900,800,64000,63900,14002527,14063
11:15,64000,900,64000,63900,13988464,8007
11:14,64000,900,64000,63900,13980457,10605
11:13,64000,900,64000,63900,13969852,12141
11:12,64000,900,64000,63900,13957711,15319
11:11,64000,900,64000,63900,13942392,286452
11:10,64000,900,64100,64000,13655940,65601
11:09,64100,1000,64100,64000,13590339,192406
11:08,64100,1000,64200,64100,13397933,10478
11:07,64200,1100,64200,64100,13387455,17258
11:06,64200,1100,64200,64100,13370197,17471
11:05,64200,1100,64200,64100,13352726,20412
11:04,64200,1100,64200,64100,13332314,10212
11:03,64200,1100,64200,64100,13322102,13524
11:02,64200,1100,64200,64100,13308578,11765
11:01,64200,1100,64200,64100,13296813,14051
11:00,64200,1100,64200,64100,13282762,49583
10:59,64200,1100,64200,64100,13233179,15352
10:58,64200,1100,64200,64100,13217827,9672
10:57,64200,1100,64200,64100,13208155,14673
10:56,64200,1100,64200,64100,13193482,9417
10:55,64200,1100,64200,64100,13184065,31445
10:54,64200,1100,64200,64100,13152620,89504
10:53,64100,1000,64100,64000,13063116,12780
10:52,64100,1000,64100,64000,13050336,11981
10:51,64100,1000,64100,64000,13038355,11845
10:50,64000,900,64100,64000,13026510,19954
10:49,64100,1000,64100,64000,13006556,31609
10:48,64000,900,64100,64000,12974947,61655
10:47,64100,1000,64100,64000,12913292,15552
10:46,64100,1000,64100,64000,12897740,11390
10:45,64100,1000,64100,64000,12886350,10477
10:44,64100,1000,64100,64000,12875873,16561
10:43,64100,1000,64100,64000,12859312,13134
10:42,64000,900,64100,64000,12846178,15753
10:41,64100,1000,64100,64000,12830425,10501
10:40,64100,1000,64100,64000,12819924,26792
10:39,64000,900,64100,64000,12793132,34748
10:38,64100,1000,64100,64000,12758384,16267
10:37,64100,1000,64100,64000,12742117,14391
10:36,64100,1000,64100,64000,12727726,9236
10:35,64000,900,64100,64000,12718490,22461
10:34,64100,1000,64100,64000,12696029,12031
10:33,64100,1000,64100,64000,12683998,79535
10:32,64000,900,64000,63900,12604463,14814
10:31,64000,900,64000,63900,12589649,20503
10:30,64000,900,64000,63900,12569146,79952
10:29,63900,800,63900,63800,12489194,12153
10:28,63900,800,63900,63800,12477041,19816
10:27,63900,800,63900,63800,12457225,75540
10:26,63900,800,63900,63800,12381685,88656
10:25,63900,800,63900,63800,12293029,19400
10:24,63900,800,63900,63800,12273629,9596
10:23,63900,800,63900,63800,12264033,8534
10:22,63800,700,63900,63800,12255499,38129
10:21,63900,800,63900,63800,12217370,23096
10:20,63900,800,63900,63800,12194274,11393
10:19,63900,800,63900,63800,12182881,25303
10:18,63900,800,63900,63800,12157578,11986
10:17,63900,800,63900,63800,12145592,14882
10:16,63900,800,63900,63800,12130710,240389
10:15,63800,700,63900,63800,11890321,50590
10:14,63900,800,63900,63800,11839731,26026
10:13,63900,800,63900,63800,11813705,81144
10:12,63800,700,63900,63800,11732561,28891
10:11,63900,800,63900,63800,11703670,130689
10:10,64000,900,64000,63900,11572981,18901
10:09,63900,800,64000,63900,11554080,13449
10:08,64000,900,64000,63900,11540631,164980
10:07,64000,900,64100,64000,11375651,90136
10:06,64100,1000,64100,64000,11285515,6992
10:05,64100,1000,64100,64000,11278523,12192
10:04,64100,1000,64100,64000,11266331,11606
10:03,64100,1000,64100,64000,11254725,183731
10:02,64100,1000,64200,64100,11070994,22616
10:01,64200,1100,64200,64100,11048378,27338
10:00,64200,1100,64200,64100,11021040,76983
09:59,64100,1000,64100,64000,10944057,80624
09:58,63900,800,64000,63900,10863433,17807
09:57,63900,800,64000,63900,10845626,15548
09:56,64000,900,64000,63900,10830078,17680
09:55,64000,900,64000,63900,10812398,40653
09:54,63900,800,64000,63900,10771745,70981
09:53,64000,900,64000,63900,10700764,104896
09:52,64000,900,64000,63900,10595868,210996
09:51,64200,1100,64200,64100,10384872,14922
09:50,64200,1100,64200,64100,10369950,16283
09:49,64200,1100,64200,64100,10353667,19551
09:48,64100,1000,64200,64100,10334116,173013
09:47,64000,900,64100,64000,10161103,17259
09:46,64000,900,64100,64000,10143844,45387
09:45,64100,1000,64100,64000,10098457,52904
09:44,64000,900,64100,64000,10045553,114270
09:43,64100,1000,64200,64100,9931283,14866
09:42,64200,1100,64200,64100,9916417,52911
09:41,64200,1100,64200,64100,9863506,24399
09:40,64200,1100,64200,64100,9839107,87344
09:39,64200,1100,64200,64100,9751763,88979
09:38,64100,1000,64100,64000,9662784,19805
09:37,64000,900,64100,64000,9642979,13016
09:36,64100,1000,64100,64000,9629963,30581
09:35,64100,1000,64100,64000,9599382,119013
09:34,64100,1000,64100,64000,9480369,33151
09:33,64100,1000,64100,64000,9447218,24074
09:32,64100,1000,64100,64000,9423144,22458
09:31,64100,1000,64100,64000,9400686,66519
09:30,64000,900,64000,63900,9334167,21824
09:29,64000,900,64000,63900,9312343,51433
09:28,64000,900,64000,63900,9260910,82479
09:27,64000,900,64000,63900,9178431,103276
09:26,63900,800,64000,63900,9075155,43932
09:25,64000,900,64000,63900,9031223,38485
09:24,63800,700,63900,63800,8992738,80829
09:23,63900,800,63900,63800,8911909,49298
09:22,63900,800,63900,63800,8862611,199269
09:21,63800,700,63800,63700,8663342,415382
09:20,64100,1000,64100,64000,8247960,79113
09:19,64100,1000,64100,64000,8168847,48133
09:18,64100,1000,64100,64000,8120714,95037
09:17,64000,900,64000,63900,8025677,239359
09:16,63800,700,63900,63800,7786318,696158
09:15,64000,900,64100,64000,7090160,282778
09:14,64200,1100,64200,64100,6807382,46606
09:13,64200,1100,64200,64100,6760776,65184
09:12,64200,1100,64200,64100,6695592,144273
09:11,64200,1100,64300,64200,6551319,473779
09:10,64400,1300,64400,64300,6077540,346276
09:09,64600,1500,64600,64500,5731264,249610
09:08,64500,1400,64600,64500,5481654,305443
09:07,64300,1200,64400,64300,5176211,356433
09:06,64200,1100,64300,64200,4819778,331299
09:05,64500,1400,64500,64400,4488479,485615
09:04,64400,1300,64400,64300,4002864,150926
09:03,64400,1300,64400,64300,3851938,510227
09:02,64300,1200,64300,64200,3341711,469535
09:01,64300,1200,64300,64200,2872176,731954
09:00,64100,1000,64100,64000,2140222,2140222
