﻿stck_bsop_date,stck_clpr,stck_oprc,stck_hgpr,stck_lwpr,acml_vol,acml_tr_pbmn,flng_cls_code,prtt_rate,mod_yn,prdy_vrss_sign,prdy_vrss,revl_issu_reas
20191129,10100,10450,10500,10100,624067,6415688400,00,0.00,N,5,-250,
20191128,10350,10350,10650,10200,673064,7009397800,00,0.00,N,2,50,
20191127,10300,10700,10800,10250,1139149,11970989150,00,0.00,N,5,-400,
20191126,10700,11000,11050,10600,1143632,12279186900,00,0.00,N,5,-300,
20191125,11000,11000,11100,10850,596616,6531439400,00,0.00,N,2,150,
20191122,10850,10900,11150,10800,953073,10414779400,00,0.00,N,2,50,
20191121,10800,11250,11400,10750,1441331,15782116650,00,0.00,N,5,-450,
20191120,11250,11850,11850,11200,1859794,21206081200,00,0.00,N,5,-650,
20191119,11900,12300,12350,11650,1411800,16792624250,00,0.00,N,5,-300,
20191118,12200,12200,12550,12000,2652187,32688612400,00,0.00,N,3,0,
20191115,12200,11950,12500,11600,5304317,63954115900,00,0.00,N,2,550,
20191114,11650,11150,11750,10800,3649312,41194730150,00,0.00,N,2,550,
20191113,11100,11600,12100,10750,15462185,177833757050,00,0.00,N,5,-500,
,,,,,,,,,,,,
,,,,,,,,,,,,
,,,,,,,,,,,,
,,,,,,,,,,,,
,,,,,,,,,,,,
,,,,,,,,,,,,
,,,,,,,,,,,,
,,,,,,,,,,,,
,,,,,,,,,,,,
,,,,,,,,,,,,
,,,,,,,,,,,,
,,,,,,,,,,,,
,,,,,,,,,,,,
,,,,,,,,,,,,
,,,,,,,,,,,,
,,,,,,,,,,,,
,,,,,,,,,,,,
,,,,,,,,,,,,
,,,,,,,,,,,,
,,,,,,,,,,,,
,,,,,,,,,,,,
,,,,,,,,,,,,
,,,,,,,,,,,,
,,,,,,,,,,,,
,,,,,,,,,,,,
,,,,,,,,,,,,
,,,,,,,,,,,,
,,,,,,,,,,,,
,,,,,,,,,,,,
,,,,,,,,,,,,
,,,,,,,,,,,,
,,,,,,,,,,,,
,,,,,,,,,,,,
,,,,,,,,,,,,
,,,,,,,,,,,,
,,,,,,,,,,,,
,,,,,,,,,,,,
,,,,,,,,,,,,
,,,,,,,,,,,,
,,,,,,,,,,,,
,,,,,,,,,,,,
,,,,,,,,,,,,
,,,,,,,,,,,,
,,,,,,,,,,,,
,,,,,,,,,,,,
,,,,,,,,,,,,
,,,,,,,,,,,,
,,,,,,,,,,,,
,,,,,,,,,,,,
,,,,,,,,,,,,
,,,,,,,,,,,,
,,,,,,,,,,,,
,,,,,,,,,,,,
,,,,,,,,,,,,
,,,,,,,,,,,,
,,,,,,,,,,,,
,,,,,,,,,,,,
,,,,,,,,,,,,
,,,,,,,,,,,,
,,,,,,,,,,,,
,,,,,,,,,,,,
,,,,,,,,,,,,
,,,,,,,,,,,,
,,,,,,,,,,,,
,,,,,,,,,,,,
,,,,,,,,,,,,
,,,,,,,,,,,,
