﻿stck_bsop_date,stck_clpr,stck_oprc,stck_hgpr,stck_lwpr,acml_vol,acml_tr_pbmn,flng_cls_code,prtt_rate,mod_yn,prdy_vrss_sign,prdy_vrss,revl_issu_reas
20221201,84600,84600,85500,84400,137506,11659230500,00,0.00,N,2,500,
20221130,84100,83600,84700,83300,1249488,105038106250,00,0.00,N,5,-600,
20221129,84700,84500,84900,83200,95309,8025406400,00,0.00,N,2,600,
20221128,84100,84200,84500,83300,123364,10350606700,00,0.00,N,5,-900,
20221125,85000,85000,85200,84400,111240,9446335700,00,0.00,N,2,800,
20221124,84200,83200,84600,83100,182231,15286379000,00,0.00,N,2,1300,
20221123,82900,83100,83900,82500,149309,12371954900,00,0.00,N,5,-700,
20221122,83600,84800,84900,83300,85197,7131413300,00,0.00,N,5,-1300,
20221121,84900,83600,84900,82300,131899,11100616500,00,0.00,N,2,1600,
20221118,83300,83600,84900,83100,119704,10013258700,00,0.00,N,5,-700,
20221117,84000,85900,86100,84000,118196,10005874400,00,0.00,N,5,-1900,
20221116,85900,85100,85900,82800,237822,20196507500,00,0.00,N,2,800,
20221115,85100,84400,85300,83800,165939,14074158800,00,0.00,N,2,1300,
20221114,83800,83300,84400,83100,140748,11795414900,00,0.00,N,2,400,
20221111,83400,83500,84000,82900,185331,15474707600,00,0.00,N,2,1100,
20221110,82300,82500,82800,81700,202868,16682346593,00,0.00,N,5,-100,
20221109,82400,82500,82600,81600,147751,12160519500,00,0.00,N,2,600,
20221108,81800,82400,82500,81000,127288,10376698700,00,0.00,N,2,200,
20221107,81600,80600,81600,80000,168226,13627098400,00,0.00,N,2,1000,
20221104,80600,79900,81200,78900,195786,15672531600,00,0.00,N,5,-200,
20221103,80800,80100,81500,78700,192666,15479769600,00,0.00,N,5,-300,
20221102,81100,81500,81600,79500,201214,16282745900,00,0.00,N,5,-300,
20221101,81400,78700,81700,78300,167987,13507334300,00,0.00,N,2,2200,
20221031,79200,79700,80000,77500,176937,13916313900,00,0.00,N,2,200,
20221028,79000,79800,80700,78600,192431,15283895000,00,0.00,N,5,-500,
20221027,79500,78900,79800,78000,192517,15245865100,00,0.00,N,2,1700,
20221026,77800,76500,77900,75900,192840,14879193600,00,0.00,N,2,500,
20221025,77300,78800,78800,75600,154434,11886932600,00,0.00,N,5,-1600,
20221024,78900,79600,80200,77600,188672,14899031200,00,0.00,N,2,1100,
20221021,77800,78200,79100,77600,147263,11514679200,00,0.00,N,5,-1000,
20221020,78800,78700,79400,77900,108415,8534596800,00,0.00,N,5,-1000,
20221019,79800,78800,79800,78000,172766,13680052000,00,0.00,N,2,1000,
20221018,78800,80200,80300,78100,180599,14238018600,00,0.00,N,5,-100,
20221017,78900,76800,79000,75700,198896,15496366200,00,0.00,N,2,2000,
20221014,76900,77200,78500,76500,173437,13427003100,00,0.00,N,2,300,
20221013,76600,78100,78200,76600,267565,20644842790,00,0.00,N,5,-1900,
20221012,78500,75000,78500,74700,281818,21738959200,00,0.00,N,2,2800,
20221011,75700,76100,76100,73600,231147,17370120199,00,0.00,N,5,-1100,
20221007,76800,74500,76900,74400,318966,24179869600,00,0.00,N,2,1100,
20221006,75700,75700,76300,74800,146628,11097725300,00,0.00,N,2,600,
20221005,75100,77000,77500,74700,225072,16973822800,00,0.00,N,5,-1200,
20221004,76300,74100,76600,73500,181290,13673883000,00,0.00,N,2,2300,
20220930,74000,75200,75900,73300,438934,32663424600,00,0.00,N,5,-500,
20220929,74500,74700,76200,74500,229115,17249616300,00,0.00,N,2,700,
20220928,73800,75200,75700,73300,313809,23313275200,00,0.00,N,5,-2600,
20220927,76400,76700,76700,74600,305932,23187132100,00,0.00,N,2,200,
20220926,76200,76900,77500,75100,218083,16686628200,00,0.00,N,5,-1400,
20220923,77600,80500,80500,77600,125363,9814891000,00,0.00,N,5,-2100,
20220922,79700,79600,79900,78000,172255,13624078000,00,0.00,N,5,-100,
20220921,79800,78900,80500,78800,143128,11438922600,00,0.00,N,5,-300,
20220920,80100,81600,81900,79500,167899,13535580700,00,0.00,N,2,300,
20220919,79800,80800,81400,79400,120672,9647164100,00,0.00,N,5,-1000,
20220916,80800,79700,80900,79200,176839,14205408500,00,0.00,N,2,100,
20220915,80700,81100,81700,80500,165173,13391216300,00,0.00,N,3,0,
20220914,80700,80200,81100,79200,217207,17425128800,00,0.00,N,5,-900,
20220913,81600,80000,81600,79500,322952,26150358370,00,0.00,N,2,3600,
20220908,78000,78200,78400,76900,235644,18322844300,00,0.00,N,2,400,
20220907,77600,77200,78000,76500,261922,20207749100,00,0.00,N,5,-1000,
20220906,78600,79300,79300,77300,307439,24054675256,00,0.00,N,5,-700,
20220905,79300,79500,80200,78500,102358,8127477200,00,0.00,N,2,500,
20220902,78800,79400,80000,78800,266487,21138380400,00,0.00,N,5,-900,
20220901,79700,80400,80800,79000,307624,24541039400,00,0.00,N,5,-2300,
20220831,82000,80600,82000,79800,425644,34815962600,00,0.00,N,2,500,
20220830,81500,81500,82000,81000,127797,10424739400,00,0.00,N,2,800,
20220829,80700,81400,81700,80200,148140,11972798800,00,0.00,N,5,-2400,
20220826,83100,82000,84100,81800,179376,14887814200,00,0.00,N,2,100,
20220825,83000,81300,83200,81300,138910,11474066400,00,0.00,N,2,1700,
20220824,81300,81700,82700,80800,154796,12620535600,00,0.00,N,5,-400,
20220823,81700,80800,81900,80200,160102,12990405600,00,0.00,N,5,-400,
20220822,82100,82300,83300,81600,154463,12711217100,00,0.00,N,5,-1700,
20220819,83800,84100,84800,83700,169303,14261127208,00,0.00,N,5,-500,
20220818,84300,84300,85000,83500,124006,10474322200,00,0.00,N,5,-300,
20220817,84600,85300,85500,84400,183420,15569154500,00,0.00,N,2,200,
20220816,84400,85100,85800,84000,255048,21671075400,00,0.00,N,5,-100,
20220812,84500,83400,84500,82600,234167,19639870900,00,0.00,N,2,1100,
20220811,83400,81300,83400,80500,345901,28545834500,00,0.00,N,2,2900,
20220810,80500,81400,81400,79800,89640,7203887300,00,0.00,N,5,-200,
20220809,80700,80900,81300,80100,108929,8788219100,00,0.00,N,5,-100,
20220808,80800,79500,80900,79500,118195,9504044200,00,0.00,N,2,600,
20220805,80200,80900,81300,79900,90632,7291735100,00,0.00,N,5,-200,
20220804,80400,80200,80700,79600,154300,12375301200,00,0.00,N,2,200,
20220803,80200,79300,80400,79200,180948,14437858200,00,0.00,N,2,400,
20220802,79800,80300,80500,78800,158585,12612561200,00,0.00,N,5,-1300,
