﻿체결시각,체결가,전일비,매도,매수,거래량,변동량
15:56,41350,450,41350,0,618001,10
15:53,41350,450,41350,0,617991,6
15:50,41350,450,41350,0,617985,1
15:49,41350,450,41350,0,617984,5
15:46,41350,450,41350,0,617979,3
15:45,41350,450,0,0,617976,12
15:43,41350,450,41350,0,617964,100
15:42,41350,450,41350,0,617864,1
15:40,41350,450,0,0,617863,64
15:30,41350,450,41400,41350,617799,26613
15:19,41450,350,41450,41400,591186,2979
15:18,41500,300,41550,41500,588207,1585
15:17,41500,300,41550,41500,586622,1874
15:16,41500,300,41550,41500,584748,2593
15:15,41500,300,41550,41500,582155,1514
15:14,41500,300,41550,41500,580641,3158
15:13,41500,300,41550,41500,577483,975
15:12,41500,300,41550,41500,576508,1593
15:11,41500,300,41550,41500,574915,3120
15:10,41500,300,41550,41500,571795,6883
15:09,41550,250,41550,41500,564912,1136
15:08,41550,250,41550,41500,563776,1243
15:07,41550,250,41550,41500,562533,804
15:06,41500,300,41550,41500,561729,8179
15:05,41500,300,41550,41500,553550,2465
15:04,41550,250,41550,41500,551085,1086
15:03,41550,250,41550,41500,549999,970
15:02,41550,250,41550,41500,549029,7346
15:01,41550,250,41550,41500,541683,4394
15:00,41550,250,41550,41500,537289,1065
14:59,41500,300,41550,41500,536224,722
14:58,41500,300,41550,41500,535502,747
14:57,41500,300,41550,41500,534755,1192
14:56,41500,300,41550,41500,533563,948
14:55,41550,250,41550,41500,532615,913
14:54,41500,300,41550,41500,531702,1305
14:53,41550,250,41550,41500,530397,1430
14:52,41550,250,41550,41500,528967,2634
14:51,41500,300,41550,41500,526333,2354
14:50,41550,250,41550,41500,523979,1901
14:49,41550,250,41550,41500,522078,4941
14:48,41500,300,41550,41500,517137,4340
14:47,41500,300,41550,41500,512797,1578
14:46,41550,250,41550,41500,511219,753
14:45,41500,300,41550,41500,510466,1297
14:44,41550,250,41550,41500,509169,2707
14:43,41550,250,41550,41500,506462,1861
14:42,41500,300,41550,41500,504601,4066
14:41,41550,250,41550,41500,500535,1205
14:40,41500,300,41550,41500,499330,3916
14:39,41500,300,41550,41500,495414,5311
14:38,41500,300,41550,41500,490103,1208
14:37,41500,300,41550,41500,488895,1700
14:36,41500,300,41550,41500,487195,6660
14:35,41550,250,41550,41500,480535,1052
14:34,41500,300,41550,41500,479483,4815
14:33,41550,250,41550,41500,474668,1111
14:32,41500,300,41550,41500,473557,2006
14:31,41500,300,41550,41500,471551,4709
14:30,41500,300,41550,41500,466842,3028
14:29,41550,250,41550,41500,463814,4831
14:28,41400,400,41550,41500,458983,24749
14:27,41350,450,41350,41300,434234,558
14:26,41350,450,41350,41300,433676,1926
14:25,41250,550,41300,41250,431750,938
14:24,41250,550,41300,41250,430812,456
14:23,41300,500,41300,41250,430356,6316
14:22,41300,500,41300,41250,424040,10426
14:21,41200,600,41250,41200,413614,1954
14:20,41300,500,41300,41250,411660,402
14:19,41300,500,41300,41250,411258,757
14:18,41250,550,41300,41250,410501,892
14:17,41250,550,41300,41250,409609,9206
14:16,41200,600,41200,41150,400403,807
14:15,41150,650,41200,41150,399596,5279
14:14,41100,700,41150,41100,394317,674
14:13,41100,700,41150,41100,393643,808
14:12,41100,700,41150,41100,392835,539
14:11,41100,700,41150,41100,392296,1103
14:10,41100,700,41150,41100,391193,1206
14:09,41100,700,41100,41050,389987,925
14:08,41100,700,41150,41100,389062,703
14:07,41100,700,41150,41100,388359,642
14:06,41100,700,41150,41100,387717,880
14:05,41150,650,41150,41100,386837,816
14:04,41100,700,41150,41100,386021,2637
14:03,41050,750,41100,41050,383384,878
14:02,41000,800,41050,41000,382506,1121
14:01,41100,700,41100,41050,381385,589
14:00,41050,750,41100,41050,380796,1511
13:59,41050,750,41100,41050,379285,803
13:58,41050,750,41100,41050,378482,1537
13:57,41050,750,41100,41050,376945,733
13:56,41050,750,41100,41050,376212,1893
13:55,41050,750,41100,41050,374319,590
13:54,41050,750,41100,41050,373729,942
13:53,41050,750,41100,41050,372787,1106
13:52,41050,750,41100,41050,371681,966
13:51,41050,750,41100,41050,370715,1079
13:50,41050,750,41100,41050,369636,9918
13:49,41100,700,41150,41100,359718,493
13:48,41100,700,41150,41100,359225,1067
13:47,41100,700,41150,41100,358158,1642
13:46,41150,650,41150,41100,356516,607
13:45,41100,700,41150,41100,355909,1007
13:44,41100,700,41150,41100,354902,538
13:43,41150,650,41150,41100,354364,1047
13:42,41100,700,41150,41100,353317,791
13:41,41100,700,41150,41100,352526,2532
13:40,41200,600,41200,41150,349994,1629
13:39,41200,600,41250,41200,348365,2930
13:38,41250,550,41250,41200,345435,766
13:37,41200,600,41250,41200,344669,901
13:36,41200,600,41250,41200,343768,4428
13:35,41250,550,41300,41250,339340,669
13:34,41250,550,41300,41250,338671,543
13:33,41250,550,41300,41250,338128,1302
13:32,41300,500,41350,41300,336826,2367
13:31,41400,400,41400,41350,334459,649
13:30,41400,400,41400,41350,333810,37
13:29,41400,400,41400,41350,333773,216
13:28,41400,400,41400,41350,333557,73
13:27,41350,450,41400,41350,333484,75
13:26,41350,450,41400,41350,333409,355
13:25,41350,450,41400,41350,333054,208
13:24,41350,450,41400,41350,332846,84
13:23,41350,450,41400,41350,332762,231
13:22,41400,400,41400,41350,332531,144
13:21,41400,400,41400,41350,332387,118
13:20,41350,450,41400,41350,332269,423
13:19,41350,450,41400,41350,331846,494
13:18,41400,400,41400,41350,331352,64
13:17,41350,450,41400,41350,331288,96
13:16,41350,450,41400,41350,331192,193
13:15,41400,400,41400,41350,330999,13
13:14,41350,450,41400,41350,330986,70
13:13,41350,450,41400,41350,330916,194
13:12,41350,450,41400,41350,330722,94
13:11,41350,450,41400,41350,330628,179
13:10,41400,400,41400,41350,330449,203
13:09,41400,400,41400,41350,330246,2653
13:08,41400,400,41450,41400,327593,3645
13:07,41350,450,41350,41300,323948,215
13:06,41300,500,41350,41300,323733,67
13:05,41350,450,41350,41300,323666,150
13:04,41350,450,41350,41300,323516,517
13:03,41350,450,41350,41300,322999,190
13:02,41400,400,41400,41350,322809,1397
13:01,41400,400,41400,41350,321412,151
13:00,41350,450,41400,41350,321261,1830
12:59,41350,450,41500,41350,319431,13467
12:58,41350,450,41350,41300,305964,808
12:57,41250,550,41300,41250,305156,175
12:56,41300,500,41300,41250,304981,891
12:55,41300,500,41350,41300,304090,5228
12:54,41350,450,41350,41300,298862,320
12:53,41350,450,41350,41300,298542,544
12:52,41300,500,41350,41300,297998,587
12:51,41300,500,41350,41300,297411,437
12:50,41300,500,41350,41300,296974,196
12:49,41300,500,41350,41300,296778,301
12:48,41350,450,41350,41300,296477,200
12:47,41350,450,41350,41300,296277,205
12:46,41300,500,41350,41300,296072,426
12:45,41300,500,41350,41300,295646,2029
12:44,41300,500,41350,41300,293617,304
12:43,41350,450,41350,41300,293313,3242
12:42,41300,500,41300,41250,290071,374
12:41,41300,500,41300,41250,289697,560
12:40,41300,500,41300,41250,289137,685
12:39,41300,500,41300,41250,288452,563
12:38,41300,500,41300,41250,287889,323
12:37,41250,550,41300,41250,287566,348
12:36,41300,500,41300,41250,287218,465
12:35,41250,550,41300,41250,286753,409
12:34,41250,550,41300,41250,286344,406
12:33,41250,550,41300,41250,285938,263
12:32,41300,500,41300,41250,285675,253
12:31,41300,500,41300,41250,285422,284
12:30,41250,550,41300,41250,285138,169
12:29,41250,550,41300,41250,284969,424
12:28,41200,600,41250,41200,284545,360
12:27,41200,600,41250,41200,284185,345
12:26,41250,550,41250,41200,283840,374
12:25,41300,500,41300,41250,283466,1112
12:24,41350,450,41350,41300,282354,645
12:23,41350,450,41350,41300,281709,787
12:22,41250,550,41300,41250,280922,331
12:21,41250,550,41300,41250,280591,258
12:20,41250,550,41300,41250,280333,1506
12:19,41250,550,41300,41250,278827,609
12:18,41300,500,41300,41250,278218,82
12:17,41250,550,41300,41250,278136,278
12:16,41250,550,41300,41250,277858,658
12:15,41250,550,41300,41250,277200,4185
12:14,41250,550,41300,41250,273015,214
12:13,41250,550,41300,41250,272801,534
12:12,41250,550,41300,41250,272267,465
12:11,41250,550,41300,41250,271802,294
12:10,41300,500,41300,41250,271508,324
12:09,41250,550,41300,41250,271184,435
12:08,41250,550,41300,41250,270749,149
12:07,41250,550,41300,41250,270600,303
12:06,41250,550,41300,41250,270297,276
12:05,41250,550,41300,41250,270021,589
12:04,41250,550,41300,41250,269432,147
12:03,41250,550,41300,41250,269285,352
12:02,41250,550,41300,41250,268933,667
12:01,41250,550,41300,41250,268266,493
12:00,41250,550,41250,41200,267773,262
11:59,41200,600,41250,41200,267511,95
11:58,41250,550,41250,41200,267416,70
11:57,41250,550,41250,41200,267346,852
11:56,41250,550,41250,41200,266494,72
11:55,41250,550,41250,41200,266422,119
11:54,41250,550,41250,41200,266303,506
11:53,41200,600,41250,41200,265797,1348
11:52,41250,550,41300,41250,264449,1389
11:51,41300,500,41350,41300,263060,253
11:50,41300,500,41350,41300,262807,112
11:49,41300,500,41350,41300,262695,400
11:48,41300,500,41350,41300,262295,236
11:47,41300,500,41350,41300,262059,203
11:46,41300,500,41350,41300,261856,68
11:45,41300,500,41350,41300,261788,711
11:44,41300,500,41350,41300,261077,204
11:43,41300,500,41350,41300,260873,826
11:42,41250,550,41250,41200,260047,1473
11:41,41200,600,41300,41200,258574,5843
11:40,41300,500,41350,41300,252731,1369
11:39,41300,500,41350,41300,251362,264
11:38,41350,450,41350,41300,251098,912
11:37,41350,450,41400,41350,250186,971
11:36,41350,450,41400,41350,249215,303
11:35,41350,450,41400,41350,248912,245
11:34,41350,450,41350,41300,248667,157
11:33,41300,500,41350,41300,248510,834
11:32,41400,400,41450,41400,247676,595
11:31,41450,350,41450,41400,247081,221
11:30,41350,450,41400,41350,246860,884
11:29,41350,450,41400,41350,245976,1166
11:28,41350,450,41350,41300,244810,336
11:27,41300,500,41350,41300,244474,348
11:26,41350,450,41350,41300,244126,3896
11:25,41400,400,41400,41350,240230,554
11:24,41400,400,41400,41350,239676,453
11:23,41400,400,41400,41350,239223,890
11:22,41350,450,41400,41350,238333,401
11:21,41400,400,41400,41350,237932,1770
11:20,41350,450,41400,41350,236162,786
11:19,41400,400,41400,41350,235376,335
11:18,41400,400,41400,41350,235041,325
11:17,41400,400,41400,41350,234716,293
11:16,41400,400,41400,41350,234423,624
11:15,41350,450,41400,41350,233799,726
11:14,41400,400,41400,41350,233073,1471
11:13,41400,400,41400,41350,231602,476
11:12,41400,400,41400,41350,231126,326
11:11,41350,450,41400,41350,230800,629
11:10,41350,450,41400,41350,230171,139
11:09,41350,450,41400,41350,230032,336
11:08,41350,450,41400,41350,229696,1255
11:07,41450,350,41450,41400,228441,2788
11:06,41400,400,41400,41350,225653,4947
11:05,41350,450,41350,41300,220706,460
11:04,41350,450,41350,41300,220246,533
11:03,41350,450,41350,41250,219713,403
11:02,41350,450,41350,41250,219310,454
11:01,41250,550,41300,41250,218856,951
11:00,41250,550,41300,41250,217905,8
10:59,41250,550,41300,41250,217897,1822
10:58,41250,550,41300,41200,216075,1285
10:57,41300,500,41350,41300,214790,3345
10:56,41200,600,41250,41200,211445,419
10:55,41200,600,41300,41200,211026,3812
10:54,41300,500,41350,41300,207214,1412
10:53,41400,400,41400,41350,205802,700
10:52,41400,400,41400,41350,205102,105
10:51,41400,400,41400,41350,204997,88
10:50,41350,450,41400,41350,204909,289
10:49,41350,450,41400,41350,204620,1044
10:48,41450,350,41450,41400,203576,87
10:47,41400,400,41450,41400,203489,674
10:46,41450,350,41500,41450,202815,236
10:45,41500,300,41500,41450,202579,272
10:44,41500,300,41500,41450,202307,1188
10:43,41450,350,41450,41400,201119,551
10:42,41450,350,41450,41400,200568,697
10:41,41400,400,41450,41400,199871,330
10:40,41450,350,41450,41400,199541,417
10:39,41450,350,41450,41400,199124,1126
10:38,41350,450,41350,41300,197998,856
10:37,41350,450,41350,41300,197142,209
10:36,41300,500,41350,41300,196933,3080
10:35,41300,500,41300,41250,193853,327
10:34,41250,550,41300,41250,193526,382
10:33,41250,550,41300,41250,193144,448
10:32,41250,550,41300,41250,192696,194
10:31,41250,550,41300,41250,192502,4621
10:30,41200,600,41250,41200,187881,8859
10:29,41350,450,41350,41300,179022,845
10:28,41300,500,41350,41300,178177,1942
10:27,41300,500,41350,41300,176235,214
10:26,41300,500,41350,41300,176021,5820
10:25,41350,450,41400,41350,170201,481
10:24,41350,450,41400,41350,169720,197
10:23,41400,400,41400,41350,169523,880
10:22,41350,450,41400,41350,168643,214
10:21,41400,400,41400,41350,168429,2618
10:20,41400,400,41400,41350,165811,10855
10:19,41500,300,41550,41500,154956,409
10:18,41550,250,41550,41500,154547,67
10:17,41550,250,41550,41500,154480,241
10:16,41550,250,41550,41500,154239,134
10:15,41550,250,41550,41500,154105,91
10:14,41550,250,41550,41500,154014,42
10:13,41500,300,41550,41500,153972,445
10:12,41500,300,41550,41500,153527,104
10:11,41550,250,41550,41500,153423,38
10:10,41500,300,41550,41500,153385,3596
10:09,41600,200,41600,41550,149789,91
10:08,41600,200,41600,41550,149698,3653
10:07,41650,150,41650,41600,146045,203
10:06,41650,150,41650,41600,145842,3602
10:05,41600,200,41600,41550,142240,358
10:04,41600,200,41600,41550,141882,292
10:03,41600,200,41600,41550,141590,242
10:02,41600,200,41600,41550,141348,677
10:01,41600,200,41600,41550,140671,237
10:00,41600,200,41600,41550,140434,184
09:59,41550,250,41600,41550,140250,1310
09:58,41600,200,41600,41550,138940,165
09:57,41550,250,41600,41550,138775,169
09:56,41600,200,41600,41550,138606,4365
09:55,41550,250,41550,41500,134241,1146
09:54,41550,250,41550,41500,133095,1097
09:53,41550,250,41550,41500,131998,278
09:52,41550,250,41550,41500,131720,268
09:51,41550,250,41550,41500,131452,311
09:50,41500,300,41550,41500,131141,321
09:49,41500,300,41550,41500,130820,229
09:48,41550,250,41550,41500,130591,1935
09:47,41550,250,41550,41500,128656,793
09:46,41500,300,41550,41500,127863,149
09:45,41550,250,41550,41500,127714,260
09:44,41550,250,41550,41500,127454,875
09:43,41450,350,41500,41450,126579,189
09:42,41500,300,41500,41450,126390,373
09:41,41500,300,41500,41450,126017,1381
09:40,41500,300,41500,41450,124636,211
09:39,41450,350,41500,41450,124425,1371
09:38,41450,350,41500,41450,123054,4747
09:37,41550,250,41550,41500,118307,3131
09:36,41500,300,41550,41500,115176,723
09:35,41550,250,41550,41500,114453,406
09:34,41550,250,41550,41500,114047,158
09:33,41550,250,41550,41500,113889,1289
09:32,41550,250,41550,41500,112600,974
09:31,41550,250,41550,41500,111626,771
09:30,41550,250,41550,41500,110855,763
09:29,41550,250,41550,41500,110092,138
09:28,41550,250,41550,41500,109954,883
09:27,41500,300,41550,41500,109071,1838
09:26,41550,250,41600,41550,107233,4065
09:25,41550,250,41550,41500,103168,2786
09:24,41600,200,41600,41550,100382,1264
09:23,41600,200,41600,41550,99118,1183
09:22,41700,100,41650,41600,97935,5875
09:21,41550,250,41600,41550,92060,304
09:20,41550,250,41600,41550,91756,526
09:19,41550,250,41600,41550,91230,410
09:18,41600,200,41600,41550,90820,732
09:17,41550,250,41600,41550,90088,759
09:16,41550,250,41600,41550,89329,1304
09:15,41550,250,41550,41500,88025,4698
09:14,41650,150,41700,41650,83327,5075
09:13,41700,100,41700,41650,78252,1167
09:12,41600,200,41650,41600,77085,461
09:11,41600,200,41650,41600,76624,3494
09:10,41600,200,41650,41600,73130,2205
09:09,41650,150,41700,41650,70925,5133
09:08,41700,100,41750,41700,65792,10686
09:07,41850,50,41850,41800,55106,7429
09:06,41750,50,41750,41700,47677,4567
09:05,41600,200,41650,41600,43110,3626
09:04,41600,200,41600,41550,39484,854
09:03,41550,250,41600,41550,38630,3578
09:02,41500,300,41500,41450,35052,10553
09:01,41550,250,41550,41500,24499,9093
09:00,41550,250,41600,41550,15406,15406
