﻿체결시각,체결가,전일비,매도,매수,거래량,변동량
15:58,137700,1000,137700,0,96082,53
15:55,137700,1000,137700,0,96029,2
15:51,137700,1000,137700,0,96027,2
15:49,137700,1000,137700,0,96025,34
15:46,137700,1000,0,137700,95991,1
15:42,137700,1000,0,137700,95990,1
15:41,137700,1000,0,137700,95989,324
15:40,137700,1000,0,0,95665,6
15:30,137700,1000,137800,137700,95659,7375
15:19,137500,800,137600,137500,88284,723
15:18,137500,800,137500,137400,87561,275
15:17,137400,700,137500,137400,87286,203
15:16,137400,700,137500,137400,87083,257
15:15,137500,800,137500,137400,86826,208
15:14,137500,800,137500,137400,86618,242
15:13,137400,700,137500,137400,86376,512
15:12,137400,700,137500,137400,85864,139
15:11,137500,800,137500,137400,85725,150
15:10,137500,800,137500,137400,85575,427
15:09,137400,700,137400,137300,85148,139
15:08,137400,700,137400,137300,85009,112
15:07,137400,700,137400,137300,84897,141
15:06,137300,600,137300,137200,84756,142
15:05,137400,700,137400,137200,84614,226
15:04,137400,700,137500,137400,84388,205
15:03,137400,700,137500,137400,84183,426
15:02,137100,400,137300,137100,83757,687
15:01,137000,300,137100,137000,83070,353
15:00,137000,300,137200,137000,82717,222
14:59,137000,300,137100,137000,82495,186
14:58,137000,300,137100,137000,82309,190
14:57,137100,400,137200,137100,82119,194
14:56,137000,300,137100,137000,81925,244
14:55,137000,300,137100,137000,81681,205
14:54,137000,300,137100,137000,81476,87
14:53,137000,300,137100,137000,81389,166
14:52,136900,200,137000,136800,81223,135
14:51,136900,200,137000,136900,81088,154
14:50,136900,200,137000,136900,80934,113
14:49,137000,300,137000,136900,80821,141
14:48,136800,100,136900,136800,80680,288
14:47,137000,300,137000,136900,80392,142
14:46,137000,300,137000,136900,80250,179
14:45,136900,200,137000,136900,80071,132
14:44,136900,200,137100,136900,79939,342
14:43,137000,300,137100,137000,79597,123
14:42,137000,300,137100,137000,79474,173
14:41,137000,300,137100,137000,79301,116
14:40,137000,300,137100,137000,79185,182
14:39,137000,300,137100,137000,79003,184
14:38,137000,300,137100,137000,78819,136
14:37,137100,400,137200,137100,78683,158
14:36,137000,300,137100,137000,78525,104
14:35,137000,300,137100,137000,78421,162
14:34,137100,400,137200,137100,78259,183
14:33,137200,500,137300,137200,78076,182
14:32,137400,700,137400,137300,77894,145
14:31,137300,600,137400,137300,77749,104
14:30,137300,600,137400,137300,77645,326
14:29,137500,800,137600,137500,77319,182
14:28,137500,800,137600,137500,77137,436
14:27,137700,1000,137700,137600,76701,619
14:26,137500,800,137600,137400,76082,1250
14:25,137400,700,137600,137400,74832,337
14:24,137500,800,137600,137500,74495,422
14:23,137500,800,137600,137500,74073,980
14:22,137500,800,137500,137400,73093,2266
14:21,137100,400,137200,137100,70827,135
14:20,137200,500,137200,137100,70692,131
14:19,137200,500,137200,137000,70561,343
14:18,137000,300,137100,137000,70218,213
14:17,137000,300,137100,137000,70005,134
14:16,137000,300,137200,137000,69871,440
14:15,137000,300,137100,137000,69431,131
14:14,137100,400,137100,137000,69300,83
14:13,137000,300,137100,137000,69217,191
14:12,137000,300,137100,137000,69026,60
14:11,137000,300,137100,137000,68966,106
14:10,137100,400,137100,137000,68860,84
14:09,137100,400,137100,137000,68776,117
14:08,137000,300,137100,137000,68659,116
14:07,137000,300,137100,137000,68543,68
14:06,137100,400,137200,137100,68475,102
14:05,137000,300,137100,137000,68373,96
14:04,137000,300,137100,137000,68277,99
14:03,137100,400,137200,137100,68178,103
14:02,137200,500,137100,137000,68075,65
14:01,137000,300,137200,137000,68010,89
14:00,137000,300,137200,137000,67921,145
13:59,137100,400,137100,137000,67776,1141
13:58,136900,200,137100,136900,66635,212
13:57,136800,100,137000,136800,66423,370
13:56,137000,300,137000,136900,66053,53
13:55,137000,300,137100,137000,66000,420
13:54,137100,400,137100,137000,65580,99
13:53,137000,300,137100,137000,65481,128
13:52,137200,500,137200,137100,65353,39
13:51,137100,400,137200,137100,65314,100
13:50,137200,500,137200,137100,65214,111
13:49,137100,400,137100,137000,65103,50
13:48,137100,400,137200,137100,65053,187
13:47,137100,400,137200,137000,64866,273
13:46,137000,300,137100,137000,64593,55
13:45,137100,400,137200,137100,64538,210
13:44,136900,200,137100,136900,64328,940
13:43,136900,200,136900,136800,63388,944
13:42,136900,200,137000,136900,62444,102
13:41,136900,200,137100,136900,62342,96
13:40,137100,400,137100,136900,62246,182
13:39,137000,300,137100,137000,62064,42
13:38,137000,300,137100,137000,62022,161
13:37,137000,300,137100,137000,61861,368
13:36,137200,500,137300,137200,61493,921
13:35,137100,400,137200,137100,60572,103
13:34,137100,400,137200,137100,60469,89
13:33,137100,400,137200,137000,60380,82
13:32,137100,400,137100,137000,60298,90
13:31,137100,400,137200,137000,60208,357
13:30,137000,300,137200,137000,59851,391
13:29,137000,300,137100,137000,59460,475
13:28,136800,100,136900,136800,58985,87
13:27,136900,200,136900,136800,58898,1471
13:26,136900,200,137000,136900,57427,79
13:25,136900,200,137000,136900,57348,129
13:24,136900,200,137000,136900,57219,179
13:23,136900,200,137000,136900,57040,120
13:22,136900,200,137000,136900,56920,146
13:21,136900,200,137000,136900,56774,73
13:20,136900,200,137000,136900,56701,83
13:19,136900,200,137000,136900,56618,81
13:18,136900,200,137000,136900,56537,99
13:17,136900,200,137000,136900,56438,111
13:16,137000,300,137000,136900,56327,55
13:15,136900,200,137000,136900,56272,167
13:14,136900,200,137000,136900,56105,138
13:13,136900,200,137000,136900,55967,70
13:12,137100,400,137100,137000,55897,72
13:11,137000,300,137000,136900,55825,732
13:10,136900,200,137000,136900,55093,52
13:09,136900,200,137000,136800,55041,218
13:08,137100,400,137100,137000,54823,1460
13:07,136800,100,136900,136800,53363,129
13:06,136800,100,136900,136800,53234,72
13:05,136800,100,137000,136800,53162,62
13:04,136900,200,136900,136800,53100,95
13:03,136800,100,137000,136800,53005,52
13:02,136900,200,137000,136900,52953,108
13:01,136900,200,136900,136800,52845,920
13:00,136700,0,136900,136700,51925,74
12:59,136700,0,136800,136700,51851,141
12:58,136700,0,136800,136600,51710,138
12:57,136800,100,136800,136700,51572,64
12:56,136800,100,136900,136800,51508,98
12:55,136800,100,136900,136800,51410,308
12:54,136700,0,136800,136700,51102,77
12:53,136700,0,136800,136700,51025,39
12:52,136800,100,136800,136700,50986,72
12:51,136800,100,136800,136700,50914,61
12:50,136800,100,136800,136700,50853,115
12:49,136600,100,136700,136600,50738,117
12:48,136700,0,136800,136700,50621,84
12:47,136700,0,136800,136700,50537,67
12:46,136700,0,136800,136700,50470,147
12:45,136700,0,136800,136700,50323,75
12:44,136700,0,136800,136700,50248,79
12:43,136700,0,136800,136700,50169,55
12:42,136700,0,136800,136700,50114,61
12:41,136700,0,136800,136700,50053,144
12:40,136700,0,136800,136700,49909,150
12:39,136800,100,136800,136700,49759,49
12:38,136700,0,136800,136700,49710,158
12:37,136700,0,136800,136700,49552,11
12:36,136700,0,136800,136700,49541,93
12:35,136700,0,136800,136700,49448,180
12:34,136700,0,136700,136600,49268,360
12:33,136600,100,136700,136600,48908,70
12:32,136700,0,136700,136600,48838,74
12:31,136700,0,136700,136600,48764,107
12:30,136700,0,136700,136600,48657,37
12:29,136600,100,136700,136600,48620,77
12:28,136600,100,136700,136600,48543,118
12:27,136600,100,136700,136600,48425,81
12:26,136600,100,136700,136600,48344,72
12:25,136600,100,136700,136600,48272,215
12:24,136700,0,136800,136700,48057,11
12:23,136700,0,136800,136700,48046,70
12:22,136700,0,136800,136700,47976,209
12:21,136800,100,136900,136800,47767,223
12:20,136900,200,136900,136800,47544,240
12:19,136800,100,136900,136800,47304,64
12:18,136800,100,136900,136800,47240,104
12:17,136800,100,136900,136800,47136,9
12:16,136800,100,136900,136800,47127,72
12:15,136900,200,136900,136800,47055,90
12:14,136800,100,136900,136800,46965,47
12:13,136800,100,136900,136800,46918,283
12:12,137000,300,137000,136900,46635,73
12:11,136800,100,136900,136800,46562,73
12:10,136800,100,137000,136800,46489,65
12:09,136800,100,136900,136800,46424,116
12:08,136800,100,137000,136800,46308,753
12:07,136700,0,136800,136700,45555,15
12:06,136700,0,136900,136700,45540,265
12:05,136700,0,136800,136700,45275,101
12:04,136700,0,136800,136700,45174,21
12:03,136700,0,136800,136700,45153,119
12:02,136700,0,136800,136700,45034,68
12:01,136700,0,136800,136700,44966,94
12:00,136800,100,136800,136700,44872,111
11:59,136700,0,136800,136700,44761,69
11:58,136700,0,136800,136700,44692,1207
11:57,136700,0,136800,136700,43485,35
11:56,136700,0,136700,136600,43450,80
11:55,136600,100,136700,136600,43370,132
11:54,136600,100,136700,136600,43238,41
11:53,136600,100,136700,136600,43197,700
11:52,136600,100,136700,136600,42497,56
11:51,136600,100,136700,136600,42441,213
11:50,136600,100,136700,136600,42228,92
11:49,136600,100,136700,136600,42136,126
11:48,136700,0,136700,136600,42010,308
11:47,136500,200,136600,136500,41702,124
11:46,136600,100,136600,136500,41578,192
11:45,136600,100,136700,136600,41386,225
11:44,136600,100,136700,136600,41161,97
11:43,136700,0,136700,136600,41064,77
11:42,136700,0,136700,136600,40987,119
11:41,136600,100,136700,136600,40868,79
11:40,136600,100,136700,136600,40789,224
11:39,136700,0,136700,136600,40565,118
11:38,136600,100,136700,136600,40447,176
11:37,136800,100,136800,136600,40271,74
11:36,136600,100,136800,136600,40197,108
11:35,136600,100,136800,136600,40089,932
11:34,136600,100,136700,136600,39157,72
11:33,136600,100,136700,136600,39085,119
11:32,136600,100,136700,136600,38966,54
11:31,136600,100,136700,136600,38912,65
11:30,136500,200,136600,136500,38847,137
11:29,136600,100,136700,136600,38710,64
11:28,136600,100,136700,136600,38646,32
11:27,136500,200,136600,136500,38614,79
11:26,136700,0,136700,136500,38535,72
11:25,136600,100,136700,136600,38463,64
11:24,136500,200,136600,136500,38399,705
11:23,136600,100,136700,136600,37694,313
11:22,136600,100,136700,136600,37381,543
11:21,136700,0,136800,136700,36838,933
11:20,136500,200,136600,136500,35905,1051
11:19,136600,100,136700,136600,34854,62
11:18,136600,100,136700,136600,34792,34
11:17,136700,0,136700,136600,34758,73
11:16,136600,100,136700,136600,34685,68
11:15,136700,0,136700,136600,34617,302
11:14,136500,200,136600,136500,34315,111
11:13,136600,100,136600,136500,34204,78
11:12,136500,200,136600,136400,34126,62
11:11,136500,200,136600,136500,34064,52
11:10,136400,300,136500,136400,34012,102
11:09,136500,200,136600,136500,33910,98
11:08,136600,100,136600,136400,33812,47
11:07,136500,200,136500,136400,33765,75
11:06,136400,300,136500,136400,33690,73
11:05,136400,300,136500,136400,33617,111
11:04,136500,200,136500,136400,33506,70
11:03,136400,300,136500,136400,33436,112
11:02,136500,200,136600,136500,33324,59
11:01,136400,300,136600,136500,33265,264
11:00,136400,300,136500,136400,33001,97
10:59,136500,200,136500,136400,32904,88
10:58,136500,200,136500,136400,32816,45
10:57,136500,200,136500,136400,32771,184
10:56,136500,200,136600,136500,32587,88
10:55,136700,0,136700,136500,32499,138
10:54,136600,100,136700,136600,32361,183
10:53,136700,0,136700,136600,32178,123
10:52,136600,100,136700,136600,32055,70
10:51,136600,100,136700,136600,31985,66
10:50,136600,100,136700,136600,31919,110
10:49,136700,0,136800,136700,31809,217
10:48,136700,0,136800,136700,31592,115
10:47,136700,0,136700,136600,31477,71
10:46,136600,100,136800,136600,31406,241
10:45,136700,0,136800,136700,31165,351
10:44,136700,0,136800,136700,30814,139
10:43,136700,0,136800,136700,30675,77
10:42,136800,100,136800,136700,30598,30
10:41,136700,0,136800,136700,30568,79
10:40,136800,100,136800,136700,30489,207
10:39,136700,0,136800,136700,30282,63
10:38,136700,0,136800,136700,30219,60
10:37,136700,0,136800,136700,30159,61
10:36,136700,0,136800,136700,30098,98
10:35,136700,0,136800,136700,30000,86
10:34,136700,0,136800,136700,29914,230
10:33,136700,0,136800,136700,29684,89
10:32,136800,100,136800,136700,29595,138
10:31,136700,0,136800,136700,29457,166
10:30,136700,0,136800,136700,29291,100
10:29,136700,0,136800,136700,29191,50
10:28,136700,0,136800,136700,29141,125
10:27,136700,0,136800,136700,29016,385
10:26,136800,100,136900,136800,28631,91
10:25,136800,100,136900,136800,28540,132
10:24,136900,200,136900,136800,28408,47
10:23,136800,100,136900,136800,28361,96
10:22,136700,0,136800,136700,28265,27
10:21,136700,0,136800,136700,28238,101
10:20,136800,100,136900,136800,28137,68
10:19,136900,200,136900,136800,28069,166
10:18,136800,100,136800,136700,27903,372
10:17,136700,0,136900,136700,27531,307
10:16,136600,100,136800,136600,27224,117
10:15,136600,100,136700,136600,27107,80
10:14,136700,0,136800,136700,27027,162
10:13,136800,100,136800,136700,26865,295
10:12,136700,0,136800,136700,26570,61
10:11,136700,0,136800,136700,26509,219
10:10,136700,0,136800,136700,26290,68
10:09,136700,0,136800,136700,26222,37
10:08,136700,0,136800,136700,26185,139
10:07,136800,100,136800,136700,26046,115
10:06,136700,0,136800,136700,25931,175
10:05,136600,100,136700,136600,25756,98
10:04,136600,100,136700,136600,25658,155
10:03,136800,100,136800,136700,25503,163
10:02,136700,0,136800,136700,25340,38
10:01,136700,0,136800,136700,25302,339
10:00,136400,300,136500,136400,24963,240
09:59,136200,500,136300,136200,24723,344
09:58,136300,400,136400,136300,24379,290
09:57,136400,300,136500,136400,24089,349
09:56,136400,300,136400,136300,23740,180
09:55,136300,400,136400,136300,23560,311
09:54,136300,400,136400,136300,23249,759
09:53,136300,400,136300,136200,22490,480
09:52,136300,400,136400,136300,22010,589
09:51,136300,400,136400,136300,21421,442
09:50,136400,300,136400,136300,20979,272
09:49,136400,300,136500,136400,20707,244
09:48,136400,300,136500,136400,20463,334
09:47,136400,300,136500,136400,20129,481
09:46,136500,200,136600,136500,19648,573
09:45,136600,100,136700,136600,19075,2509
09:44,136900,200,136900,136800,16566,293
09:43,136800,100,136900,136800,16273,420
09:42,136900,200,137000,136900,15853,631
09:41,136900,200,137000,136900,15222,407
09:40,136900,200,136900,136800,14815,671
09:39,136900,200,136900,136800,14144,536
09:38,136900,200,137000,136900,13608,238
09:37,136800,100,137000,136800,13370,218
09:36,136900,200,137000,136900,13152,479
09:35,137000,300,137000,136900,12673,54
09:34,136900,200,137000,136900,12619,177
09:33,137000,300,137000,136900,12442,206
09:32,136800,100,136800,136700,12236,600
09:31,136900,200,137000,136900,11636,949
09:30,136900,200,137000,136900,10687,321
09:29,137100,400,137200,137100,10366,21
09:28,137200,500,137200,137100,10345,34
09:27,137200,500,137200,137100,10311,291
09:26,137200,500,137300,137200,10020,263
09:25,137100,400,137100,137000,9757,103
09:24,137100,400,137200,137100,9654,108
09:23,137000,300,137100,137000,9546,57
09:22,137000,300,137000,136900,9489,100
09:21,137000,300,137000,136900,9389,14
09:20,136900,200,137300,136900,9375,211
09:19,137000,300,137200,137000,9164,199
09:18,137200,500,137200,137100,8965,166
09:17,137100,400,137400,137100,8799,383
09:16,137500,800,137500,137400,8416,647
09:15,137400,700,137400,137300,7769,257
09:14,137200,500,137300,137200,7512,220
09:13,137000,300,137000,136800,7292,120
09:12,136900,200,137100,137000,7172,75
09:11,137100,400,137100,136700,7097,89
09:10,137100,400,137100,136500,7008,772
09:09,136900,200,136900,136800,6236,151
09:08,136600,100,136600,136500,6085,485
09:07,136300,400,136600,136300,5600,240
09:06,136300,400,136600,136300,5360,1376
09:05,136500,200,136600,136500,3984,1702
09:04,136600,100,136600,136500,2282,76
09:03,136600,100,136800,136600,2206,518
09:02,136600,100,136800,136600,1688,112
09:01,136600,100,137000,136600,1576,561
09:00,136400,300,136400,136300,1015,1015
