﻿stck_bsop_date,stck_clpr,stck_oprc,stck_hgpr,stck_lwpr,acml_vol,acml_tr_pbmn,flng_cls_code,prtt_rate,mod_yn,prdy_vrss_sign,prdy_vrss,revl_issu_reas
20220801,14200,14100,14450,14050,15419,219072250,00,0.00,N,2,100,
20220729,14100,14050,14200,14000,20537,288711950,00,0.00,N,2,50,
20220728,14050,14200,14200,13950,14025,197531100,00,0.00,N,2,100,
20220727,13950,13700,14050,13650,7076,98282750,00,0.00,N,2,50,
20220726,13900,14050,14050,13750,7201,99815250,00,0.00,N,3,0,
20220725,13900,13800,14150,13700,12442,172486900,00,0.00,N,5,-50,
20220722,13950,13950,14150,13750,7586,105913650,00,0.00,N,3,0,
20220721,13950,13850,14100,13800,28985,405455500,00,0.00,N,2,200,
20220720,13750,13600,13900,13550,40894,561621700,00,0.00,N,2,300,
20220719,13450,13300,13500,13050,10860,144955850,00,0.00,N,2,50,
20220718,13400,13250,13450,13200,16811,224019400,00,0.00,N,2,350,
20220715,13050,13200,14000,12850,39496,518923000,00,0.00,N,5,-150,
20220714,13200,13300,13300,13050,13325,175708450,00,0.00,N,5,-100,
20220713,13300,13050,13350,13000,35429,466510050,00,0.00,N,2,150,
20220712,13150,13550,13700,13000,34107,449851500,00,0.00,N,5,-550,
20220711,13700,13900,14050,13650,34017,468515150,00,0.00,N,5,-150,
20220708,13850,14250,14250,13700,48039,665980450,00,0.00,N,5,-150,
20220707,14000,14000,14250,13900,29812,418228100,00,0.00,N,3,0,
20220706,14000,13900,14350,13650,27424,385285050,00,0.00,N,2,300,
20220705,13700,13350,13900,13350,16788,228150750,00,0.00,N,2,300,
20220704,13400,13550,13800,13200,30518,410456600,00,0.00,N,5,-200,
20220701,13600,13800,14000,13550,29083,400034100,00,0.00,N,5,-200,
20220630,13800,14250,14300,13700,45608,634076750,00,0.00,N,5,-700,
20220629,14500,13800,14650,13700,67267,952806100,00,0.00,N,2,500,
20220628,14000,14100,14300,13800,59974,844471250,00,0.00,N,2,50,
20220627,13950,13200,14250,13150,98827,1363083450,00,0.00,N,2,750,
20220624,13200,12650,13300,12450,45594,594062650,00,0.00,N,2,850,
20220623,12350,12600,12850,12350,68181,854493250,00,0.00,N,5,-250,
20220622,12600,13550,13550,12450,72039,921134100,00,0.00,N,5,-900,
20220621,13500,12850,13750,12800,66430,880247050,00,0.00,N,2,650,
20220620,12850,13600,13800,12650,154170,1989368100,00,0.00,N,5,-750,
20220617,13600,13500,13750,13300,57974,785528050,00,0.00,N,5,-150,
20220616,13750,14050,14300,13700,79880,1114651500,00,0.00,N,5,-250,
20220615,14000,14450,14700,13750,120099,1684804400,00,0.00,N,5,-750,
20220614,14750,14600,14950,14200,79797,1154778650,00,0.00,N,3,0,
20220613,14750,15350,15550,14750,82992,1247750000,00,0.00,N,5,-1100,
20220610,15850,15550,15950,15400,34668,544668350,00,0.00,N,2,250,
20220609,15600,16000,16000,15500,45480,710621900,00,0.00,N,5,-400,
20220608,16000,16000,16150,15900,13516,216132850,00,0.00,N,5,-50,
20220607,16050,16300,16300,15950,23539,378524800,00,0.00,N,5,-350,
20220603,16400,16300,16600,16100,29641,484626050,00,0.00,N,2,100,
20220602,16300,16350,16500,15900,26676,435313200,00,0.00,N,5,-50,
20220531,16350,16100,16500,15950,40091,653960750,00,0.00,N,2,300,
20220530,16050,15950,16450,15950,55270,894680200,00,0.00,N,2,200,
20220527,15850,15900,16100,15850,37316,595132800,00,0.00,N,2,250,
20220526,15600,15650,15900,15450,25498,399656750,00,0.00,N,5,-50,
20220525,15650,15550,15850,15500,32215,504461200,00,0.00,N,2,50,
20220524,15600,15950,16100,15500,42504,672891250,00,0.00,N,5,-400,
20220523,16000,15550,16150,15500,81668,1298043700,00,0.00,N,2,500,
20220520,15500,15000,15500,14750,70998,1074300750,00,0.00,N,2,500,
20220519,15000,15450,15600,14700,207805,3122866500,00,0.00,N,5,-1000,
20220518,16000,16150,16150,15700,53456,848897950,00,0.00,N,5,-100,
20220517,16100,16000,16100,15850,17971,286900550,00,0.00,N,2,100,
20220516,16000,15900,16150,15850,31281,501006050,00,0.00,N,2,50,
20220513,15950,15400,15950,15350,30753,483883700,00,0.00,N,2,550,
20220512,15400,15850,15850,15200,88454,1369461400,00,0.00,N,5,-550,
20220511,15950,15950,16050,15700,29622,469746750,00,0.00,N,3,0,
20220510,15950,15900,15950,15450,69337,1087432450,00,0.00,N,5,-150,
20220509,16100,16300,16300,15950,52617,845537000,00,0.00,N,5,-250,
20220506,16350,16300,16550,16200,27106,442917750,00,0.00,N,5,-200,
20220504,16550,16750,16850,16500,29175,485919600,00,0.00,N,5,-200,
20220503,16750,16800,16850,16500,34808,580333300,00,0.00,N,5,-100,
20220502,16850,16400,16850,16150,47047,773107200,00,0.00,N,2,450,
20220429,16400,16500,16650,16150,133605,2176880900,00,0.00,N,5,-250,
20220428,16650,16550,16650,16350,40185,662283800,00,0.00,N,2,200,
20220427,16450,16400,16850,16300,84640,1399228850,00,0.00,N,5,-450,
20220426,16900,16900,17000,16750,44769,755229750,00,0.00,N,2,50,
20220425,16850,17250,17300,16850,101444,1723565250,00,0.00,N,5,-700,
20220422,17550,17350,17550,17300,44122,767310850,00,0.00,N,2,50,
20220421,17500,18100,18100,17400,100406,1767654650,00,0.00,N,5,-550,
20220420,18050,17800,18150,17500,68347,1218692000,00,0.00,N,2,300,
20220419,17750,17850,18000,17500,125861,2226011350,00,0.00,N,5,-150,
20220418,17900,17950,18500,17750,100456,1814035150,00,0.00,N,2,250,
20220415,17650,17550,17800,17500,45977,812604400,00,0.00,N,3,0,
20220414,17650,17950,18000,17600,52867,937896000,00,0.00,N,5,-150,
20220413,17800,17900,18200,17700,64039,1147155150,00,0.00,N,5,-150,
20220412,17950,18100,18350,17600,92747,1655185450,00,0.00,N,5,-350,
20220411,18300,19000,19150,18200,238370,4429742400,00,0.00,N,5,-1450,
20220408,197500,197500,197500,197500,0,0,00,0.00,N,0,0,
20220407,197500,197500,197500,197500,0,0,00,0.00,N,0,0,
20220406,197500,197500,197500,197500,0,0,00,0.00,N,0,0,
20220405,197500,199000,202500,193500,24158,4780083000,00,0.00,N,2,500,
20220404,197000,193500,197500,193000,13447,2628048000,00,0.00,N,2,4500,
