﻿stck_bsop_date,stck_clpr,stck_oprc,stck_hgpr,stck_lwpr,acml_vol,acml_tr_pbmn,flng_cls_code,prtt_rate,mod_yn,prdy_vrss_sign,prdy_vrss,revl_issu_reas
20211201,122500,121500,123500,121000,1482581,181341267500,00,0.00,N,2,500,
20211130,122000,124000,124500,121500,3807209,466140385500,00,0.00,N,5,-1000,
20211129,123000,123000,125500,122000,2031484,251298499500,00,0.00,N,5,-2500,
20211126,125500,127500,128500,125000,1679040,212173730500,00,0.00,N,5,-2500,
20211125,128000,125000,128500,124500,2906344,369215105000,00,0.00,N,2,3500,
20211124,124500,124500,125500,123500,1589036,197477001000,00,0.00,N,3,0,
20211123,124500,127500,128000,124000,1981200,248411655500,00,0.00,N,5,-4000,
20211122,128500,127000,129000,125500,2213290,282268984000,00,0.00,N,2,1500,
20211119,127000,125000,127500,124500,1512294,191220365500,00,0.00,N,2,2500,
20211118,124500,125000,126000,123000,1543924,192481970000,00,0.00,N,5,-500,
20211117,125000,128000,129000,125000,1675657,210978235500,00,0.00,N,5,-2500,
20211116,127500,129000,130000,127000,1591390,203309516500,00,0.00,N,5,-1500,
20211115,129000,127000,129500,127000,1714170,220449763000,00,0.00,N,2,2000,
20211112,127000,126000,128000,124500,2100660,266586690500,00,0.00,N,2,1500,
20211111,125500,123000,125500,121500,1955371,242255133000,00,0.00,N,2,1500,
20211110,124000,125500,127500,123500,1598893,199892576000,00,0.00,N,5,-1500,
20211109,125500,124500,127000,124500,1990889,249729747500,00,0.00,N,2,500,
20211108,125000,128500,128500,123000,4026899,502531943500,00,0.00,N,5,-3500,
20211105,128500,131000,131000,126500,2810726,360896946500,00,0.00,N,5,-1500,
20211104,130000,126000,130500,125500,6001098,774890051500,00,0.00,N,2,5500,
20211103,124500,128000,128500,123500,2937805,368941931500,00,0.00,N,5,-3500,
20211102,128000,126000,128500,126000,1642378,209732706000,00,0.00,N,2,2500,
20211101,125500,126000,127000,125000,1081519,135944942000,00,0.00,N,3,0,
20211029,125500,125500,126500,123000,1891355,236136054840,00,0.00,N,3,0,
20211028,125500,129000,130000,125000,1783396,226971166000,00,0.00,N,5,-3000,
20211027,128500,128000,129000,126500,1449071,185288878500,00,0.00,N,2,1000,
20211026,127500,126000,128000,126000,1265299,160924213500,00,0.00,N,2,1500,
20211025,126000,126500,127500,123500,2309608,289843501500,00,0.00,N,5,-1500,
20211022,127500,128000,129500,125500,1985417,251841413500,00,0.00,N,5,-500,
20211021,128000,128500,130000,127500,2297507,295903743500,00,0.00,N,3,0,
20211020,128000,129500,130500,127000,4959740,638092300500,00,0.00,N,2,500,
20211019,127500,123000,127500,121500,4075027,509756077200,00,0.00,N,2,6000,
20211018,121500,123000,123000,120500,1831322,223268785000,00,0.00,N,5,-500,
20211015,122000,123000,123500,120000,2331425,283689153652,00,0.00,N,2,500,
20211014,121500,118500,122000,118500,3891958,470206569000,00,0.00,N,2,4500,
20211013,117000,114000,118500,114000,2731883,319403883000,00,0.00,N,2,3500,
20211012,113500,117000,118500,113000,3810466,435522305000,00,0.00,N,5,-4000,
20211008,117500,121500,121500,117500,3930836,467215122791,00,0.00,N,5,-2000,
20211007,119500,115000,119500,115000,5146917,607441403000,00,0.00,N,2,6500,
20211006,113000,112500,116000,112000,4610915,525667774000,00,0.00,N,2,2000,
20211005,111000,114500,116000,110500,4885065,547569566500,00,0.00,N,5,-5500,
20211001,116500,118000,120000,116000,2329103,273267552500,00,0.00,N,5,-1500,
20210930,118000,115000,120500,114500,4649917,549314327000,00,0.00,N,2,1500,
20210929,116500,115000,117500,114500,3172350,367003429400,00,0.00,N,5,-1000,
20210928,117500,120500,121500,117500,3445583,408141300500,00,0.00,N,5,-2500,
20210927,120000,120000,122500,119500,3635942,439718083500,00,0.00,N,2,500,
20210924,119500,116000,121000,116000,5327603,634778242500,00,0.00,N,2,4500,
20210923,115000,116500,118000,114000,6314773,730618647170,00,0.00,N,5,-4500,
20210917,119500,121500,121500,118000,4807631,573773039710,00,0.00,N,5,-2000,
20210916,121500,123000,125000,121000,4770936,585615489500,00,0.00,N,5,-1000,
20210915,122500,123500,127500,122000,9078817,1132627303500,00,0.00,N,5,-1500,
20210914,124000,122500,126000,118000,18895148,2289005954808,00,0.00,N,5,-500,
20210913,124500,126500,130000,122500,8675498,1086900737500,00,0.00,N,5,-5500,
20210910,130000,127000,133500,126000,9918050,1293457010500,00,0.00,N,2,1500,
20210909,128500,134000,134500,128000,14534253,1900427192028,00,0.00,N,5,-10000,
20210908,138500,151500,151500,136500,16920382,2398154293000,00,0.00,N,5,-15500,
20210907,154000,155500,156000,153500,1072249,165281626000,00,0.00,N,5,-1500,
20210906,155500,156000,156500,152500,1883428,290513337000,00,0.00,N,5,-1000,
20210903,156500,155500,157500,154500,1934669,302700831000,00,0.00,N,2,1500,
20210902,155000,154500,156000,153500,1649156,254959341500,00,0.00,N,2,1000,
20210901,154000,155000,156000,154000,2011434,311239873100,00,0.00,N,5,-1000,
20210831,155000,152500,155000,151000,3078357,472238141000,00,0.00,N,2,3500,
20210830,151500,152000,153000,150500,1628144,246905988500,00,0.00,N,2,1500,
20210827,150000,149000,150000,147000,1430634,213123750500,00,0.00,N,2,500,
20210826,149500,151500,152500,147500,2360164,352795831500,00,0.00,N,5,-1500,
20210825,151000,149000,153500,148500,2900928,438332056500,00,0.00,N,2,2000,
20210824,149000,150000,150500,148000,2032632,302686879000,00,0.00,N,2,500,
20210823,148500,146000,148500,144500,2678395,393910421500,00,0.00,N,2,4500,
20210820,144000,146500,149000,143000,2776813,403451033500,00,0.00,N,5,-2500,
20210819,146500,144000,149000,144000,2813914,412981842250,00,0.00,N,2,1000,
20210818,145500,142000,146500,141500,2720552,392334948000,00,0.00,N,2,3500,
20210817,142000,146000,147500,141000,3322347,474667269500,00,0.00,N,5,-4000,
20210813,146000,147500,147500,144500,2285992,333221583190,00,0.00,N,5,-1500,
20210812,147500,146000,148000,144000,2950088,431721708500,00,0.00,N,2,3500,
20210811,144000,145500,147500,144000,1754472,254609775500,00,0.00,N,5,-2500,
20210810,146500,148000,148500,144500,2074409,302895576000,00,0.00,N,5,-1500,
20210809,148000,145500,149000,144000,3017396,444684467500,00,0.00,N,2,2500,
20210806,145500,149500,149500,145000,4155669,607215890500,00,0.00,N,5,-3500,
20210805,149000,150000,151500,148500,2254087,337127903500,00,0.00,N,5,-500,
20210804,149500,144500,150000,144000,3136752,462256631000,00,0.00,N,2,5500,
20210803,144000,146000,146500,143000,2697098,388018708500,00,0.00,N,5,-2000,
20210802,146000,147000,148500,145000,2172117,318223688500,00,0.00,N,5,-1000,
