﻿stck_bsop_date,stck_clpr,stck_oprc,stck_hgpr,stck_lwpr,acml_vol,acml_tr_pbmn,flng_cls_code,prtt_rate,mod_yn,prdy_vrss_sign,prdy_vrss,revl_issu_reas
20201201,221500,213000,221500,213000,316450,68958539000,00,0.00,N,2,10000,
20201130,211500,222000,222500,211500,458543,98382091500,00,0.00,N,5,-8500,
20201127,220000,218500,221000,217000,228901,50227470500,00,0.00,N,3,0,
20201126,220000,223500,225000,218000,308615,67812813000,00,0.00,N,5,-3000,
20201125,223000,219500,227000,218500,605092,134862435500,00,0.00,N,2,5500,
20201124,217500,216000,217500,214000,206805,44568284500,00,0.00,N,2,3000,
20201123,214500,214000,216000,212000,173920,37357137000,00,0.00,N,2,500,
20201120,214000,214500,215000,211500,151683,32290554000,00,0.00,N,5,-500,
20201119,214500,217000,218500,211500,255078,54436201000,00,0.00,N,5,-4500,
20201118,219000,218500,220000,217000,181858,39682996000,00,0.00,N,5,-1500,
20201117,220500,220000,224000,216500,396747,87254214500,00,0.00,N,2,1500,
20201116,219000,208500,220000,208000,475806,102848254500,00,0.00,N,2,10000,
20201113,209000,220000,220500,208000,648026,139140800000,00,0.00,N,5,-2500,
20201112,211500,207000,213500,205500,575591,121408828500,00,0.00,N,2,4500,
20201111,207000,196500,209000,193500,590944,119892474000,00,0.00,N,2,12000,
20201110,195000,195500,197000,193000,220355,42991066000,00,0.00,N,2,1500,
20201109,193500,191500,194000,191000,197123,38046269500,00,0.00,N,2,3000,
20201106,190500,193000,194000,190500,139989,26809639500,00,0.00,N,5,-2000,
20201105,192500,188000,194000,187000,204595,39069125500,00,0.00,N,2,6000,
20201104,186500,187000,189000,185000,163595,30555284500,00,0.00,N,2,500,
20201103,186000,183000,188000,182500,177177,32868402500,00,0.00,N,2,3000,
20201102,183000,181000,183500,179500,222860,40370085500,00,0.00,N,2,500,
20201030,182500,187000,187000,181000,273817,50300169000,00,0.00,N,5,-5500,
20201029,188000,189500,190000,186500,210970,39572004500,00,0.00,N,5,-4000,
20201028,192000,191500,193500,190500,94574,18129223000,00,0.00,N,5,-1000,
20201027,193000,193500,195500,192500,160255,31033910000,00,0.00,N,5,-3500,
20201026,196500,200500,202000,196000,123258,24466136000,00,0.00,N,5,-5500,
20201023,202000,199000,202000,197500,130014,26015395000,00,0.00,N,2,2500,
20201022,199500,200000,200000,197500,93115,18494165000,00,0.00,N,5,-1500,
20201021,201000,197500,201500,196500,145933,29005869500,00,0.00,N,2,3500,
20201020,197500,196500,198500,195000,123550,24257262500,00,0.00,N,5,-1500,
20201019,199000,199500,200500,198500,93690,18691736500,00,0.00,N,2,1000,
20201016,198000,200000,202000,198000,109501,21818490000,00,0.00,N,5,-2000,
20201015,200000,203500,204000,199500,115817,23253194000,00,0.00,N,5,-4500,
20201014,204500,209000,210500,204000,134075,27612795000,00,0.00,N,5,-2000,
20201013,206500,209000,209000,204000,121548,25106853500,00,0.00,N,5,-1000,
20201012,207500,210000,210500,206000,130697,27119154500,00,0.00,N,5,-1500,
20201008,209000,206000,211500,205500,297147,62003423500,00,0.00,N,2,3500,
20201007,205500,198500,205500,197000,134673,27237871500,00,0.00,N,2,5500,
20201006,200000,202500,203500,200000,115721,23308514000,00,0.00,N,5,-2500,
20201005,202500,199500,203000,196500,156461,31449628500,00,0.00,N,2,4000,
20200929,198500,200000,202500,198000,148477,29594625500,00,0.00,N,2,1000,
20200928,197500,191500,197500,191500,154506,30233092500,00,0.00,N,2,6500,
20200925,191000,190500,193500,190000,136344,26094386500,00,0.00,N,2,1500,
20200924,189500,195500,197000,189000,309274,59311510000,00,0.00,N,5,-10000,
20200923,199500,201000,202000,194000,255462,50624378500,00,0.00,N,5,-1000,
20200922,200500,206500,207500,200500,226004,45814713000,00,0.00,N,5,-7000,
20200921,207500,210000,211500,207000,168398,35216122000,00,0.00,N,5,-3000,
20200918,210500,213000,213000,209000,161318,33970515000,00,0.00,N,5,-1000,
20200917,211500,218000,218000,211000,237037,50431245500,00,0.00,N,5,-3500,
20200916,215000,211000,221000,210500,437232,94552909500,00,0.00,N,2,3000,
20200915,212000,211500,212000,210000,136374,28788584000,00,0.00,N,2,500,
20200914,211500,210500,212000,208500,149167,31407462000,00,0.00,N,2,1000,
20200911,210500,211000,211500,208000,148442,31111899000,00,0.00,N,5,-500,
20200910,211000,212000,214000,210000,232670,49278782000,00,0.00,N,2,1000,
20200909,210000,209500,211000,209000,214690,45018343500,00,0.00,N,5,-3500,
20200908,213500,214000,216000,211000,227472,48575218000,00,0.00,N,2,500,
20200907,213000,213000,214000,209500,220248,46573590500,00,0.00,N,2,1000,
20200904,212000,209500,212000,209000,284708,59978373000,00,0.00,N,5,-4500,
20200903,216500,218000,218000,215500,181062,39246502500,00,0.00,N,5,-1000,
20200902,217500,214500,217500,213000,159873,34381598000,00,0.00,N,2,3000,
20200901,214500,213500,215500,210500,200276,42853592500,00,0.00,N,2,500,
20200831,214000,224000,227500,212500,487729,106268623000,00,0.00,N,5,-10000,
20200828,224000,218500,230000,218000,446589,100114285500,00,0.00,N,2,9000,
20200827,215000,219500,221000,215000,185905,40294915500,00,0.00,N,5,-3500,
20200826,218500,222000,222000,215000,192270,42014089500,00,0.00,N,5,-3500,
20200825,222000,215500,222500,213000,237042,51857197500,00,0.00,N,2,10000,
20200824,212000,211000,214000,206000,199536,42051456500,00,0.00,N,2,500,
20200821,211500,211500,217000,205000,327055,69034259500,00,0.00,N,2,2000,
20200820,209500,221000,223000,209000,396676,84755636000,00,0.00,N,5,-13000,
20200819,222500,221500,226000,221500,193504,43198740000,00,0.00,N,3,0,
20200818,222500,234000,235000,220500,304434,69353456000,00,0.00,N,5,-11000,
20200814,233500,239500,240000,229500,287596,67063586000,00,0.00,N,5,-4000,
20200813,237500,242000,242500,235500,321381,76896199000,00,0.00,N,5,-2500,
20200812,240000,239000,241500,236500,270686,64757675000,00,0.00,N,5,-500,
20200811,240500,246000,246000,239000,285097,68904369000,00,0.00,N,5,-4000,
20200810,244500,244000,247500,239000,487359,118809780000,00,0.00,N,2,2000,
20200807,242500,237000,245000,236500,522264,125971957500,00,0.00,N,2,6000,
20200806,236500,241500,243500,233500,501913,119698961500,00,0.00,N,5,-4000,
20200805,240500,231500,241000,226000,721764,169425974000,00,0.00,N,2,11000,
20200804,229500,220500,229500,219000,464562,104874960000,00,0.00,N,2,12000,
20200803,217500,221000,221000,215500,328587,71419335000,00,0.00,N,5,-4000,
