﻿stck_bsop_date,stck_clpr,stck_oprc,stck_hgpr,stck_lwpr,acml_vol,acml_tr_pbmn,flng_cls_code,prtt_rate,mod_yn,prdy_vrss_sign,prdy_vrss,revl_issu_reas
20200731,221500,227000,229500,221000,259316,57818183500,00,0.00,N,5,-6000,
20200730,227500,225000,231500,224000,347939,79453725500,00,0.00,N,2,4000,
20200729,223500,224500,225000,220500,325856,72493702000,00,0.00,N,5,-3000,
20200728,226500,228000,228500,224000,314574,71199314000,00,0.00,N,3,0,
20200727,226500,225500,232000,225000,274174,62544566000,00,0.00,N,2,2000,
20200724,224500,227500,227500,223500,391726,88265111000,00,0.00,N,5,-5500,
20200723,230000,235000,235000,228000,380115,87450970000,00,0.00,N,5,-5500,
20200722,235500,240500,244500,235000,617710,147810763000,00,0.00,N,2,2000,
20200721,233500,232500,237000,229000,387329,90696135000,00,0.00,N,2,2500,
20200720,231000,234500,235000,228000,340707,78425444000,00,0.00,N,5,-3000,
20200717,234000,237500,239000,232500,261684,61319341500,00,0.00,N,5,-2000,
20200716,236000,236000,243000,234500,369479,87886175350,00,0.00,N,5,-1000,
20200715,237000,235500,243000,234500,668387,159074542500,00,0.00,N,2,5500,
20200714,231500,240500,241500,230000,729003,170470271000,00,0.00,N,5,-11000,
20200713,242500,243500,248000,240500,509920,124397536000,00,0.00,N,2,2000,
20200710,240500,244500,248000,238000,1070262,259497071500,00,0.00,N,5,-3000,
20200709,243500,252500,255000,243500,977816,241417713000,00,0.00,N,5,-9000,
20200708,252500,259500,263000,251000,1043042,264776018000,00,0.00,N,5,-8500,
20200707,261000,267500,273000,260500,1160569,308240366500,00,0.00,N,5,-1000,
20200706,262000,270000,270500,259000,1404485,370101408500,00,0.00,N,5,-10000,
20200703,272000,281000,282000,268500,1221250,332801690500,00,0.00,N,5,-6500,
20200702,278500,308500,308500,268000,2892772,816868608000,00,0.00,N,5,-18500,
20200701,297000,294000,302500,291000,1486526,441882558500,00,0.00,N,2,6000,
20200630,291000,297500,298500,286500,925711,271669378000,00,0.00,N,5,-2000,
20200629,293000,289500,297500,286000,921514,269990135000,05,0.00,N,2,1000,
20200626,292000,291000,294500,284000,919125,265826187000,00,0.00,N,2,6000,
20200625,286000,287000,293500,281000,921229,265744829500,00,0.00,N,5,-500,
20200624,286500,297500,302500,285500,3591128,1047314761500,00,0.00,N,5,-23000,
20200623,309500,298000,310000,284500,1550365,462923459500,00,0.00,N,2,16500,
20200622,293000,294500,302000,290500,796400,235684845000,00,0.00,N,3,0,
20200619,293000,316000,317500,289500,1451060,432618204251,00,0.00,N,5,-15500,
20200618,308500,318000,320500,305000,893966,278222641500,00,0.00,N,5,-9500,
20200617,318000,309000,323000,307500,1511616,477519776500,00,0.00,N,2,11000,
20200616,307000,327500,332000,300000,2040226,636498687500,00,0.00,N,2,3000,
20200615,304000,289000,329500,285500,4331754,1349822826000,00,0.00,N,2,25000,
20200612,279000,246000,279000,245000,1298434,344549834000,00,0.00,N,2,22000,
20200611,257000,255000,262500,253000,580692,149629205500,00,0.00,N,3,0,
20200610,257000,253500,261000,250500,410736,105707604000,00,0.00,N,2,3500,
20200609,253500,257500,259000,249000,424430,107426198000,00,0.00,N,5,-3500,
20200608,257000,264000,264500,253000,521272,134609166000,00,0.00,N,3,0,
20200605,257000,237500,258500,233500,871235,217337056500,00,0.00,N,2,17500,
20200604,239500,241500,244000,239000,294371,70806172500,00,0.00,N,5,-3000,
20200603,242500,247500,247500,239000,399539,96679557000,00,0.00,N,5,-1500,
20200602,244000,242000,249500,240000,297667,72802635000,00,0.00,N,2,1000,
20200601,243000,240000,247000,239000,362051,87990743000,00,0.00,N,2,4000,
20200529,239000,241500,249000,236500,603576,145416995000,00,0.00,N,5,-5500,
20200528,244500,257500,260000,243500,675566,169328279000,00,0.00,N,5,-11000,
20200527,255500,267500,271000,251000,774630,202024044500,00,0.00,N,5,-3500,
20200526,259000,249500,261500,245000,763255,194033605454,00,0.00,N,2,12500,
20200525,246500,234000,246500,230500,737103,175849553500,00,0.00,N,2,18000,
20200522,228500,229500,232000,225000,433120,98749573000,00,0.00,N,5,-1500,
20200521,230000,230000,243500,226000,1321635,309869401000,00,0.00,N,2,8000,
20200520,222000,208000,224500,205000,1317938,284277981500,00,0.00,N,2,20500,
20200519,201500,214500,230000,200500,1218185,257693891000,00,0.00,N,5,-500,
20200518,202000,184000,203500,181500,630281,122616523000,00,0.00,N,2,20000,
20200515,182000,183500,184500,180000,168516,30703701000,00,0.00,N,2,1000,
20200514,181000,184000,185500,180000,226278,41214509000,00,0.00,N,5,-4000,
20200513,185000,179500,185000,178500,247454,45289911000,00,0.00,N,2,4000,
20200512,181000,181000,184000,178000,260409,47223235500,00,0.00,N,2,2000,
20200511,179000,182000,184000,178500,168343,30440392500,00,0.00,N,5,-3500,
20200508,182500,183000,186500,182000,141027,25957942500,00,0.00,N,2,500,
20200507,182000,179000,182000,178000,163688,29551165500,00,0.00,N,2,2000,
20200506,180000,179000,181500,177000,177000,31791348000,00,0.00,N,2,4000,
20200504,176000,176500,179500,175500,173641,30707071500,00,0.00,N,5,-6000,
20200429,182000,183000,183500,181000,141362,25770485000,00,0.00,N,5,-1000,
20200428,183000,178500,183000,176500,167841,30324483500,00,0.00,N,2,4500,
20200427,178500,176000,180500,175000,114428,20381004500,00,0.00,N,2,3000,
20200424,175500,180500,181000,175000,198776,35247575500,00,0.00,N,5,-7000,
20200423,182500,181500,184000,179000,208459,37861302500,00,0.00,N,5,-1500,
20200422,184000,178000,184000,173500,286549,50779647000,00,0.00,N,2,1000,
20200421,183000,185500,187500,178500,331631,60538928500,00,0.00,N,5,-5000,
20200420,188000,187000,191500,186000,151164,28660217500,00,0.00,N,5,-500,
20200417,188500,183500,191000,183500,244505,45931940000,00,0.00,N,2,8000,
20200416,180500,173500,181000,172500,222040,39382220000,00,0.00,N,2,3000,
20200414,177500,177000,182000,175000,172526,30792433000,00,0.00,N,2,2500,
20200413,175000,179500,187000,174500,278323,50359918500,00,0.00,N,5,-4000,
20200410,179000,169500,180000,168500,279238,48743191000,00,0.00,N,2,8000,
20200409,171000,173000,173000,168000,182069,30940352500,00,0.00,N,2,3000,
20200408,168000,166000,172500,165000,220330,37118344000,00,0.00,N,5,-1500,
20200407,169500,171000,173000,165000,222197,37599861000,00,0.00,N,2,1500,
20200406,168000,164500,169000,163000,210046,34981704000,00,0.00,N,2,4000,
20200403,164000,166000,171000,160000,230824,37910090000,00,0.00,N,5,-1000,
20200402,165000,161000,167000,155500,289337,46675517000,00,0.00,N,2,4000,
