﻿stck_bsop_date,stck_clpr,stck_oprc,stck_hgpr,stck_lwpr,acml_vol,acml_tr_pbmn,flng_cls_code,prtt_rate,mod_yn,prdy_vrss_sign,prdy_vrss,revl_issu_reas
20190801,52100,51400,53500,51400,20616,1088743200,00,0.00,N,2,600,
20190731,51500,51500,51900,50200,19936,1015512000,00,0.00,N,5,-500,
20190730,52000,51700,52300,51400,14368,744515000,00,0.00,N,2,300,
20190729,51700,53500,53500,51000,25489,1317929200,00,0.00,N,5,-2200,
20190726,53900,52500,54300,52500,19863,1061430700,00,0.00,N,2,400,
20190725,53500,52900,54200,52200,19185,1017619800,00,0.00,N,2,300,
20190724,53200,53900,54700,53200,21882,1174924700,00,0.00,N,5,-900,
20190723,54100,55000,55400,53800,23645,1284795900,00,0.00,N,5,-700,
20190722,54800,54000,55700,53500,47062,2575854300,00,0.00,N,2,1400,
20190719,53400,51000,54400,51000,49236,2620120100,00,0.00,N,2,2200,
20190718,51200,51500,51900,50800,20087,1029502800,00,0.00,N,5,-300,
20190717,51500,51100,52000,51000,23198,1194179300,00,0.00,N,2,300,
20190716,51200,52100,52700,51000,45483,2336217800,00,0.00,N,5,-1100,
20190715,52300,52600,53500,51900,19253,1008750200,00,0.00,N,5,-100,
20190712,52400,52900,53500,52400,24627,1300729800,00,0.00,N,5,-800,
20190711,53200,52700,55000,52700,41173,2206813300,00,0.00,N,2,100,
20190710,53100,53300,55600,52800,43812,2378924700,00,0.00,N,5,-200,
20190709,53300,50800,54600,50800,84566,4507198100,00,0.00,N,2,2100,
20190708,51200,55600,55700,51100,109598,5744404100,00,0.00,N,5,-4400,
20190705,55600,56500,56800,54800,51076,2819884700,00,0.00,N,5,-700,
20190704,56300,56200,57700,55400,40557,2281911000,00,0.00,N,5,-400,
20190703,56700,58200,58500,56600,44188,2527479300,00,0.00,N,5,-900,
20190702,57600,59200,59200,57500,60234,3501782100,00,0.00,N,5,-1600,
20190701,59200,61200,61500,58700,82759,4912801900,00,0.00,N,5,-1900,
20190628,61100,58800,62800,58000,269756,16188937900,00,0.00,N,5,-1900,
20190627,63000,61000,64300,60900,36594,2301425600,00,0.00,N,2,2200,
20190626,60800,60800,61800,60100,18212,1112764900,00,0.00,N,3,0,
20190625,60800,61500,62500,60400,34227,2088455100,00,0.00,N,5,-1400,
20190624,62200,63800,64500,62000,22291,1395065600,00,0.00,N,5,-1900,
20190621,64100,66600,66600,64100,20172,1309953500,00,0.00,N,5,-1900,
20190620,66000,65300,66400,64800,23892,1568052800,00,0.00,N,2,400,
20190619,65600,68300,68300,63100,66803,4353629600,00,0.00,N,5,-2400,
20190618,68000,66300,69500,66000,26611,1808399000,00,0.00,N,2,1000,
20190617,67000,68500,69500,65400,26530,1791668700,00,0.00,N,5,-1500,
20190614,68500,70300,70900,68000,20193,1403997300,00,0.00,N,5,-900,
20190613,69400,69500,70500,68700,17788,1238352700,00,0.00,N,5,-100,
20190612,69500,69000,70400,67100,44823,3107836100,00,0.00,N,2,500,
20190611,69000,66000,70000,65200,103764,7116077000,00,0.00,N,2,3700,
20190610,65300,61600,66000,60800,47809,3065701000,00,0.00,N,2,3700,
20190607,61600,61800,62300,60700,13197,809301300,00,0.00,N,2,400,
20190605,61200,63000,63000,60300,11653,713616000,00,0.00,N,3,0,
20190604,61200,62900,64000,60800,25289,1562205400,00,0.00,N,5,-1700,
20190603,62900,63100,64400,62100,15485,982035300,00,0.00,N,5,-1000,
20190531,63900,63200,65700,62200,55729,3594594100,00,0.00,N,2,700,
20190530,63200,60000,63400,59300,52816,3288162100,00,0.00,N,2,3600,
20190529,59600,60900,60900,59400,17037,1018702300,00,0.00,N,5,-1400,
20190528,61000,57900,61100,57100,41565,2454865100,00,0.00,N,2,3600,
20190527,57400,59000,60000,56800,67040,3898097600,00,0.00,N,5,-2900,
20190524,60300,62500,62500,60300,44144,2683667600,00,0.00,N,5,-2400,
20190523,62700,61500,62900,60800,30430,1884913600,00,0.00,N,2,600,
20190522,62100,61300,63200,60400,35459,2188313000,00,0.00,N,2,800,
20190521,61300,60500,62300,60200,46126,2822186600,00,0.00,N,2,100,
20190520,61200,62300,64000,61000,34129,2132175600,00,0.00,N,5,-2300,
20190517,63500,65200,67700,63300,29709,1945985100,00,0.00,N,5,-2600,
20190516,66100,65700,67600,65100,50942,3380210000,00,0.00,N,2,1000,
20190515,65100,64200,66100,60300,115687,7429321300,00,0.00,N,2,1800,
20190514,63300,65700,67400,62800,173465,11174754600,00,0.00,N,5,-4600,
20190513,67900,72100,72600,67500,99364,6917644700,00,0.00,N,5,-5300,
20190510,73200,74900,75900,72700,39704,2934338100,00,0.00,N,5,-1900,
20190509,75100,76800,77600,74300,38595,2925413300,00,0.00,N,5,-1900,
20190508,77000,73100,77200,72400,83513,6314236400,00,0.00,N,2,3700,
20190507,73300,75500,75900,73300,82181,6106575400,00,0.00,N,5,-3000,
20190503,76300,77100,77700,76300,25599,1965503500,00,0.00,N,5,-800,
20190502,77100,77600,77800,76700,39085,3012351600,00,0.00,N,5,-800,
20190430,77900,78800,80300,77400,53683,4202078500,00,0.00,N,5,-1200,
20190429,79100,76000,79500,75900,128295,9926631800,00,0.00,N,2,700,
20190426,78400,78800,79600,77900,25472,2001227800,00,0.00,N,5,-800,
20190425,79200,80600,80900,79200,35872,2853026500,00,0.00,N,5,-1400,
20190424,80600,82000,82300,79500,54016,4333260000,00,0.00,N,5,-1000,
20190423,81600,80500,82000,79900,46667,3765782300,00,0.00,N,2,100,
20190422,81500,84000,84700,81300,67344,5543732900,00,0.00,N,5,-2800,
20190419,84300,83400,85500,83100,27684,2338691200,00,0.00,N,2,600,
20190418,83700,87300,88300,83600,93744,7990470000,00,0.00,N,5,-4300,
20190417,88000,90000,91100,87600,90505,8064268400,00,0.00,N,5,-500,
20190416,88500,86500,89400,82800,156540,13447302000,00,0.00,N,2,2200,
20190415,86300,87900,88400,85000,113001,9770179700,00,0.00,N,5,-1000,
20190412,87300,88600,91200,86500,143161,12648563800,00,0.00,N,5,-1800,
20190411,89100,84400,89900,83000,290864,25483907900,00,0.00,N,2,5000,
20190410,84100,80300,87500,79100,398111,33395390100,00,0.00,N,2,3800,
20190409,80300,77200,80800,75000,241415,18972169900,00,0.00,N,2,3600,
20190408,76700,75100,77200,73100,153072,11587100000,00,0.00,N,2,1500,
20190405,75200,78400,78500,74200,206446,15603717900,00,0.00,N,5,-2800,
20190404,78000,79600,80000,78000,111902,8815895000,00,0.00,N,5,-1600,
20190403,79600,81600,82900,79000,199453,16110215300,00,0.00,N,5,-1500,
20190402,81100,80200,82400,78700,247372,19928035500,00,0.00,N,2,1500,
