﻿stck_bsop_date,stck_clpr,stck_oprc,stck_hgpr,stck_lwpr,acml_vol,acml_tr_pbmn,flng_cls_code,prtt_rate,mod_yn,prdy_vrss_sign,prdy_vrss,revl_issu_reas
20231201,177300,183200,186500,175400,313544,55792451500,00,0.00,N,5,-7700,
20231130,185000,191800,193500,184000,342504,64026134500,00,0.00,N,5,-6200,
20231129,191200,183000,196600,181500,394295,75038143800,00,0.00,N,2,7200,
20231128,184000,182300,188900,178100,290451,53407453300,00,0.00,N,2,2200,
20231127,181800,172800,183800,169000,255821,45788302200,00,0.00,N,2,9100,
20231124,172700,169000,173300,165100,144531,24566446100,00,0.00,N,2,3200,
20231123,169500,171000,174300,168800,124030,21154858300,00,0.00,N,5,-2000,
20231122,171500,162000,172400,161800,156846,26579125800,00,0.00,N,2,7200,
20231121,164300,164400,172800,163000,176621,29653275600,00,0.00,N,2,700,
20231120,163600,158300,166700,156000,176544,28537168100,00,0.00,N,2,300,
20231117,163300,161800,165000,156500,255886,41375441000,00,0.00,N,2,3600,
20231116,159700,152000,162500,152000,369296,58827789700,00,0.00,N,2,9100,
20231115,150600,147700,151300,143600,196476,29180747100,00,0.00,N,2,7000,
20231114,143600,135700,143700,135700,132565,18752383500,00,0.00,N,2,8900,
20231113,134700,137200,138000,133500,58989,7997686200,00,0.00,N,5,-1200,
20231110,135900,137100,137400,133300,89714,12122921700,00,0.00,N,5,-3900,
20231109,139800,137300,140500,135000,86610,11916833300,00,0.00,N,2,3200,
20231108,136600,141000,141300,136200,123241,16978729300,00,0.00,N,5,-3600,
20231107,140200,146600,146600,138700,140114,19744396600,00,0.00,N,5,-6400,
20231106,146600,143300,148300,142000,177388,25703753400,00,0.00,N,2,6500,
20231103,140100,136100,142700,136100,177068,24625092700,00,0.00,N,2,6800,
20231102,133300,134000,137400,133100,143978,19422632500,00,0.00,N,2,2800,
20231101,130500,132000,134400,130000,107381,14169963300,00,0.00,N,2,500,
20231031,130000,141100,141200,129400,273435,36357427500,00,0.00,N,5,-10000,
20231030,140000,151200,151200,138000,330318,46406413800,00,0.00,N,5,-13900,
20231027,153900,158400,163900,152900,123987,19449052600,00,0.00,N,5,-4500,
20231026,158400,161300,162900,157700,90310,14410124700,00,0.00,N,5,-7600,
20231025,166000,164300,169400,163200,100158,16719954900,00,0.00,N,2,3600,
20231024,162400,160600,163400,154200,68570,10929805400,00,0.00,N,2,3300,
20231023,159100,157000,162100,157000,53162,8519178800,00,0.00,N,2,1200,
20231020,157900,161000,162300,155400,117378,18531695400,00,0.00,N,5,-5400,
20231019,163300,167100,167100,162000,122778,20138200900,00,0.00,N,5,-7100,
20231018,170400,170500,172500,168200,59150,10076688300,00,0.00,N,5,-900,
20231017,171300,173300,174500,169100,67632,11588450200,00,0.00,N,5,-200,
20231016,171500,173000,174200,169500,78617,13447557000,00,0.00,N,5,-5200,
20231013,176700,180200,180200,174200,69254,12211498800,00,0.00,N,5,-3400,
20231012,180100,178500,185400,178000,114333,20764501900,00,0.00,N,2,5400,
20231011,174700,177700,178000,172700,77465,13584526800,00,0.00,N,2,1700,
20231010,173000,180300,181000,172300,104060,18365583300,00,0.00,N,5,-8100,
20231006,181100,170500,183700,170500,111065,19930856400,00,0.00,N,2,9000,
20231005,172100,180500,180700,167500,139063,24351472800,00,0.00,N,5,-5000,
20231004,177100,181100,183000,176600,121419,21788725600,00,0.00,N,5,-9500,
20230927,186600,177300,187700,177300,183152,33775333600,00,0.00,N,2,8300,
20230926,178300,176200,182200,175800,84971,15207663100,00,0.00,N,2,1400,
20230925,176900,182800,182800,173500,111495,19752221400,00,0.00,N,5,-4900,
20230922,181800,173000,186300,172500,200499,36385330000,00,0.00,N,2,5800,
20230921,176000,181400,183200,175600,125681,22397498700,00,0.00,N,5,-5400,
20230920,181400,184300,187400,180500,141188,25855505300,00,0.00,N,5,-2400,
20230919,183800,185900,188400,181800,146075,26992340200,00,0.00,N,5,-1600,
20230918,185400,188900,192000,185200,183287,34408433400,00,0.00,N,5,-4300,
20230915,189700,191100,198300,187700,278764,53478490400,00,0.00,N,5,-3300,
20230914,193000,191800,198300,189100,342687,66034906800,00,0.00,N,2,1900,
20230913,191100,201500,206000,188000,666741,129710599600,00,0.00,N,5,-13400,
20230912,204500,249000,263000,201000,875662,195707490000,00,0.00,N,5,-35500,
20230911,240000,220500,240000,218000,401235,92261474000,00,0.00,N,2,22500,
20230908,217500,219000,223000,210500,226199,48995282500,00,0.00,N,2,2000,
20230907,215500,201000,219000,200000,389952,82415208000,00,0.00,N,2,15000,
20230906,200500,189200,207000,187200,347660,69316725000,00,0.00,N,2,11000,
20230905,189500,193600,193900,187900,114465,21773102500,00,0.00,N,5,-100,
20230904,189600,189700,197800,186500,212012,40408563100,00,0.00,N,5,-300,
20230901,189900,175800,193700,175700,419791,79457954800,00,0.00,N,2,14200,
20230831,175700,176000,176900,171200,181606,31639711700,00,0.00,N,2,800,
20230830,174900,158100,176600,158100,387722,65682097400,00,0.00,N,2,19300,
20230829,155600,155000,157300,153200,37565,5841579700,00,0.00,N,2,1600,
20230828,154000,150500,154500,148000,49394,7521437100,00,0.00,N,2,3900,
20230825,150100,155000,156100,150000,68849,10477896700,00,0.00,N,5,-6700,
20230824,156800,157600,159100,154300,59317,9321031800,00,0.00,N,2,800,
20230823,156000,151600,157200,151000,72127,11239720400,00,0.00,N,2,4500,
20230822,151500,152600,156400,151500,54276,8334079400,00,0.00,N,5,-1600,
20230821,153100,152900,154000,150200,42501,6476521200,00,0.00,N,2,700,
20230818,152400,150400,154400,150000,41878,6380944600,00,0.00,N,5,-600,
20230817,153000,150800,154000,145300,70836,10684103300,00,0.00,N,2,1700,
20230816,151300,154000,156000,150000,83650,12716957200,00,0.00,N,5,-3300,
20230814,154600,153900,157200,151900,47151,7300645300,00,0.00,N,5,-900,
20230811,155500,156000,159500,153800,93811,14585592200,00,0.00,N,2,200,
20230810,155300,161900,161900,155300,132823,20932655000,00,0.00,N,5,-7900,
20230809,163200,165000,165900,162500,97608,15954667500,00,0.00,N,5,-2900,
20230808,166100,164000,167500,160300,107386,17632575100,00,0.00,N,2,1600,
20230807,164500,157000,171500,156200,327368,54499718000,00,0.00,N,2,7400,
20230804,157100,154500,160900,150700,137896,21562679700,00,0.00,N,2,3900,
20230803,153200,160000,162400,151400,192751,29823722200,00,0.00,N,5,-6800,
20230802,160000,151100,165000,150900,445990,71260546100,00,0.00,N,2,8800,
