﻿체결시각,체결가,전일비,매도,매수,거래량,변동량
15:52,26600,700,26600,0,344901,5
15:51,26600,700,26600,0,344896,20
15:50,26600,700,26600,0,344876,18
15:49,26600,700,26600,0,344858,11
15:48,26600,700,26600,0,344847,14
15:47,26600,700,0,26600,344833,174
15:45,26600,700,0,0,344659,10
15:43,26600,700,26600,0,344649,29
15:42,26600,700,0,26600,344620,250
15:41,26600,700,0,26600,344370,50
15:40,26600,700,0,26600,344320,208
15:30,26600,700,26600,26550,344112,9397
15:19,26550,650,26600,26550,334715,1047
15:18,26550,650,26600,26550,333668,1591
15:17,26550,650,26600,26550,332077,1547
15:16,26600,700,26600,26550,330530,841
15:15,26550,650,26600,26550,329689,233
15:14,26550,650,26600,26550,329456,626
15:13,26600,700,26600,26550,328830,318
15:12,26600,700,26600,26550,328512,3127
15:11,26550,650,26550,26500,325385,1151
15:10,26550,650,26550,26500,324234,137
15:09,26550,650,26550,26500,324097,568
15:08,26550,650,26550,26500,323529,387
15:07,26550,650,26550,26500,323142,259
15:06,26550,650,26550,26500,322883,2816
15:05,26550,650,26600,26550,320067,533
15:04,26550,650,26600,26550,319534,266
15:03,26550,650,26600,26550,319268,1392
15:02,26550,650,26600,26550,317876,81
15:01,26600,700,26600,26550,317795,75
15:00,26600,700,26600,26550,317720,87
14:59,26550,650,26600,26550,317633,168
14:58,26550,650,26600,26550,317465,111
14:57,26550,650,26600,26550,317354,121
14:56,26600,700,26600,26550,317233,74
14:55,26600,700,26600,26550,317159,128
14:54,26550,650,26600,26550,317031,136
14:53,26550,650,26600,26550,316895,76
14:52,26550,650,26650,26550,316819,345
14:51,26650,750,26650,26600,316474,109
14:50,26650,750,26650,26600,316365,416
14:49,26600,700,26650,26600,315949,36
14:48,26600,700,26650,26600,315913,16
14:47,26600,700,26650,26600,315897,191
14:46,26650,750,26650,26600,315706,25
14:45,26650,750,26650,26600,315681,3579
14:44,26500,600,26550,26500,312102,67
14:43,26550,650,26550,26500,312035,36
14:42,26500,600,26550,26500,311999,162
14:41,26500,600,26550,26500,311837,245
14:40,26550,650,26550,26500,311592,277
14:39,26550,650,26550,26500,311315,507
14:38,26500,600,26550,26500,310808,37
14:37,26500,600,26550,26500,310771,65
14:36,26550,650,26550,26500,310706,10
14:35,26500,600,26550,26500,310696,244
14:34,26550,650,26550,26500,310452,272
14:33,26600,700,26600,26550,310180,337
14:32,26550,650,26600,26550,309843,2781
14:31,26450,550,26500,26450,307062,75
14:30,26450,550,26500,26450,306987,105
14:29,26500,600,26500,26450,306882,227
14:28,26500,600,26500,26450,306655,675
14:27,26450,550,26500,26450,305980,215
14:26,26500,600,26500,26450,305765,124
14:25,26500,600,26500,26450,305641,425
14:24,26400,500,26500,26400,305216,1661
14:23,26450,550,26450,26400,303555,276
14:22,26400,500,26400,26350,303279,291
14:21,26400,500,26450,26350,302988,357
14:20,26400,500,26450,26400,302631,929
14:19,26350,450,26400,26350,301702,558
14:18,26350,450,26400,26350,301144,107
14:17,26400,500,26400,26350,301037,67
14:16,26400,500,26400,26350,300970,312
14:15,26400,500,26400,26350,300658,55
14:14,26350,450,26400,26350,300603,17
14:12,26400,500,26400,26350,300586,7
14:11,26400,500,26400,26350,300579,483
14:10,26400,500,26400,26350,300096,90
14:09,26400,500,26400,26350,300006,443
14:08,26400,500,26400,26350,299563,182
14:07,26400,500,26400,26350,299381,1722
14:06,26300,400,26350,26300,297659,96
14:05,26350,450,26350,26300,297563,736
14:04,26300,400,26350,26300,296827,2498
14:03,26350,450,26350,26300,294329,121
14:02,26300,400,26350,26300,294208,7
14:01,26300,400,26350,26300,294201,31
14:00,26300,400,26350,26300,294170,540
13:59,26350,450,26350,26300,293630,196
13:58,26300,400,26350,26300,293434,468
13:57,26300,400,26400,26300,292966,1898
13:56,26350,450,26350,26300,291068,216
13:55,26350,450,26350,26300,290852,274
13:54,26300,400,26350,26300,290578,511
13:53,26350,450,26350,26300,290067,111
13:52,26350,450,26350,26300,289956,233
13:51,26300,400,26350,26300,289723,762
13:50,26350,450,26400,26350,288961,2218
13:49,26350,450,26400,26350,286743,671
13:48,26350,450,26400,26350,286072,240
13:47,26400,500,26400,26350,285832,185
13:46,26400,500,26400,26350,285647,182
13:45,26400,500,26400,26350,285465,141
13:44,26350,450,26400,26350,285324,772
13:43,26400,500,26400,26350,284552,5760
13:42,26400,500,26450,26400,278792,214
13:41,26450,550,26450,26400,278578,405
13:40,26400,500,26450,26400,278173,97
13:39,26400,500,26450,26400,278076,104
13:38,26450,550,26450,26400,277972,76
13:37,26450,550,26450,26400,277896,409
13:36,26450,550,26450,26400,277487,668
13:35,26450,550,26450,26400,276819,869
13:34,26450,550,26500,26450,275950,503
13:33,26450,550,26500,26450,275447,176
13:32,26450,550,26500,26450,275271,278
13:31,26500,600,26500,26450,274993,628
13:30,26500,600,26500,26450,274365,929
13:29,26500,600,26550,26500,273436,25
13:28,26500,600,26550,26500,273411,111
13:27,26500,600,26550,26500,273300,243
13:26,26550,650,26550,26500,273057,937
13:25,26500,600,26550,26500,272120,1012
13:24,26450,550,26500,26450,271108,6466
13:23,26550,650,26550,26500,264642,36
13:22,26500,600,26550,26500,264606,1053
13:21,26550,650,26550,26500,263553,3281
13:20,26600,700,26600,26550,260272,51
13:19,26550,650,26600,26550,260221,562
13:18,26600,700,26600,26550,259659,120
13:17,26600,700,26600,26550,259539,217
13:16,26600,700,26600,26550,259322,130
13:15,26550,650,26600,26550,259192,111
13:14,26550,650,26600,26550,259081,995
13:13,26650,750,26650,26600,258086,14
13:12,26650,750,26700,26600,258072,700
13:11,26650,750,26650,26600,257372,11
13:10,26650,750,26650,26600,257361,1054
13:09,26600,700,26600,26550,256307,35
13:08,26600,700,26600,26550,256272,196
13:07,26550,650,26600,26550,256076,322
13:06,26550,650,26600,26550,255754,3044
13:05,26650,750,26650,26600,252710,117
13:04,26600,700,26650,26600,252593,69
13:03,26600,700,26650,26600,252524,120
13:02,26650,750,26650,26600,252404,238
13:01,26650,750,26650,26600,252166,390
13:00,26650,750,26650,26600,251776,2
12:59,26650,750,26650,26600,251774,101
12:58,26600,700,26700,26600,251673,698
12:57,26600,700,26650,26600,250975,1124
12:56,26600,700,26650,26600,249851,248
12:55,26600,700,26650,26600,249603,83
12:54,26600,700,26650,26600,249520,370
12:53,26600,700,26650,26600,249150,226
12:52,26600,700,26650,26600,248924,265
12:51,26600,700,26700,26600,248659,705
12:50,26650,750,26700,26650,247954,553
12:49,26700,800,26700,26650,247401,957
12:48,26650,750,26700,26650,246444,114
12:47,26700,800,26700,26650,246330,221
12:46,26700,800,26700,26650,246109,431
12:45,26650,750,26700,26650,245678,145
12:44,26700,800,26700,26650,245533,145
12:43,26700,800,26700,26650,245388,3296
12:42,26800,900,26800,26750,242092,142
12:41,26750,850,26800,26750,241950,172
12:40,26800,900,26800,26750,241778,202
12:39,26800,900,26800,26750,241576,12
12:38,26750,850,26800,26750,241564,101
12:37,26800,900,26800,26750,241463,244
12:36,26800,900,26800,26750,241219,139
12:35,26800,900,26800,26750,241080,141
12:34,26800,900,26800,26750,240939,28
12:33,26800,900,26800,26750,240911,22
12:32,26750,850,26800,26750,240889,690
12:31,26800,900,26850,26800,240199,288
12:30,26850,950,26900,26850,239911,1209
12:29,26750,850,26800,26750,238702,1766
12:28,26850,950,26850,26800,236936,14
12:27,26850,950,26850,26750,236922,302
12:26,26800,900,26850,26800,236620,80
12:25,26800,900,26850,26750,236540,247
12:24,26800,900,26850,26800,236293,25
12:23,26800,900,26850,26800,236268,3
12:22,26800,900,26850,26800,236265,478
12:21,26750,850,26800,26750,235787,15
12:20,26800,900,26800,26750,235772,844
12:19,26750,850,26800,26750,234928,126
12:18,26800,900,26800,26750,234802,383
12:17,26800,900,26850,26800,234419,127
12:16,26800,900,26850,26800,234292,54
12:15,26800,900,26850,26800,234238,2
12:14,26800,900,26850,26800,234236,2031
12:13,26850,950,26900,26850,232205,227
12:12,26900,1000,26900,26850,231978,105
12:11,26850,950,26900,26850,231873,167
12:10,26850,950,26900,26850,231706,47
12:09,26850,950,26900,26850,231659,414
12:08,26900,1000,26950,26900,231245,26
12:07,26950,1050,26950,26850,231219,134
12:06,26900,1000,26950,26900,231085,26
12:05,26900,1000,26950,26900,231059,150
12:04,26900,1000,26900,26850,230909,37
12:03,26900,1000,26900,26850,230872,1202
12:02,26950,1050,26950,26900,229670,1214
12:01,26850,950,26900,26850,228456,456
12:00,26850,950,26950,26850,228000,2396
11:59,26900,1000,26900,26850,225604,77
11:58,26900,1000,26900,26850,225527,1640
11:57,26900,1000,26900,26850,223887,194
11:56,26900,1000,26900,26850,223693,2233
11:55,26800,900,26850,26800,221460,28
11:54,26800,900,26850,26800,221432,11
11:53,26800,900,26800,26750,221421,440
11:52,26800,900,26800,26750,220981,11
11:51,26750,850,26800,26750,220970,171
11:50,26800,900,26800,26750,220799,22
11:49,26850,950,26850,26750,220777,1266
11:48,26800,900,26800,26750,219511,600
11:47,26750,850,26750,26700,218911,9
11:46,26750,850,26750,26700,218902,201
11:45,26700,800,26750,26700,218701,30
11:44,26750,850,26750,26700,218671,454
11:43,26750,850,26800,26750,218217,144
11:42,26650,750,26800,26650,218073,710
11:41,26750,850,26800,26750,217363,208
11:40,26700,800,26700,26650,217155,2092
11:39,26750,850,26800,26750,215063,62
11:38,26800,900,26800,26750,215001,84
11:37,26800,900,26800,26750,214917,45
11:36,26800,900,26800,26750,214872,191
11:35,26800,900,26800,26750,214681,45
11:34,26800,900,26800,26750,214636,180
11:33,26800,900,26800,26750,214456,1071
11:32,26750,850,26800,26750,213385,440
11:31,26750,850,26800,26750,212945,137
11:30,26750,850,26800,26750,212808,175
11:29,26750,850,26800,26750,212633,37
11:28,26750,850,26800,26750,212596,333
11:27,26800,900,26800,26750,212263,937
11:26,26750,850,26800,26700,211326,173
11:25,26750,850,26750,26700,211153,841
11:24,26750,850,26800,26750,210312,705
11:23,26800,900,26850,26800,209607,322
11:22,26800,900,26800,26750,209285,676
11:21,26750,850,26800,26750,208609,269
11:20,26700,800,26750,26700,208340,108
11:19,26700,800,26750,26700,208232,35
11:18,26800,900,26800,26750,208197,44
11:17,26750,850,26800,26750,208153,28
11:15,26800,900,26800,26750,208125,6
11:14,26800,900,26800,26700,208119,67
11:13,26700,800,26800,26700,208052,1
11:12,26750,850,26800,26700,208051,478
11:11,26800,900,26800,26750,207573,599
11:10,26750,850,26750,26700,206974,762
11:09,26700,800,26700,26650,206212,236
11:08,26700,800,26700,26650,205976,105
11:07,26650,750,26700,26650,205871,497
11:06,26650,750,26650,26600,205374,17
11:05,26600,700,26650,26600,205357,252
11:04,26600,700,26650,26600,205105,244
11:03,26650,750,26700,26600,204861,25
11:02,26650,750,26650,26550,204836,195
11:01,26550,650,26600,26550,204641,279
11:00,26600,700,26600,26550,204362,182
10:59,26600,700,26650,26600,204180,197
10:58,26650,750,26700,26650,203983,120
10:57,26650,750,26650,26600,203863,182
10:56,26600,700,26700,26600,203681,5421
10:55,26700,800,26700,26650,198260,142
10:54,26700,800,26700,26650,198118,300
10:53,26700,800,26750,26700,197818,148
10:52,26700,800,26750,26700,197670,1339
10:51,26700,800,26750,26700,196331,1016
10:50,26750,850,26800,26750,195315,232
10:49,26750,850,26800,26750,195083,111
10:48,26750,850,26800,26750,194972,46
10:47,26750,850,26800,26750,194926,83
10:46,26800,900,26800,26750,194843,93
10:45,26800,900,26800,26750,194750,47
10:44,26800,900,26800,26750,194703,49
10:43,26750,850,26800,26750,194654,12
10:42,26700,800,26800,26700,194642,877
10:41,26750,850,26750,26700,193765,1156
10:40,26750,850,26750,26700,192609,1078
10:39,26750,850,26800,26750,191531,247
10:38,26750,850,26800,26750,191284,37
10:37,26800,900,26800,26750,191247,176
10:36,26800,900,26800,26750,191071,248
10:35,26750,850,26750,26700,190823,1017
10:34,26650,750,26700,26650,189806,399
10:33,26700,800,26750,26700,189407,391
10:32,26650,750,26700,26650,189016,1215
10:31,26700,800,26750,26700,187801,1525
10:30,26600,700,26600,26550,186276,1649
10:29,26650,750,26650,26600,184627,149
10:28,26650,750,26650,26600,184478,1264
10:27,26600,700,26650,26600,183214,612
10:26,26650,750,26650,26600,182602,557
10:25,26650,750,26650,26600,182045,278
10:24,26650,750,26650,26600,181767,545
10:23,26650,750,26700,26650,181222,563
10:22,26700,800,26750,26700,180659,306
10:21,26750,850,26750,26700,180353,145
10:20,26700,800,26700,26650,180208,749
10:19,26650,750,26700,26650,179459,324
10:18,26700,800,26750,26650,179135,188
10:17,26700,800,26700,26650,178947,1578
10:16,26750,850,26750,26700,177369,250
10:15,26750,850,26750,26650,177119,1552
10:14,26750,850,26800,26700,175567,590
10:13,26700,800,26700,26650,174977,821
10:12,26750,850,26750,26700,174156,4223
10:11,26750,850,26800,26750,169933,838
10:10,26800,900,26800,26750,169095,2301
10:09,26850,950,26900,26850,166794,928
10:08,26900,1000,26950,26900,165866,343
10:07,26900,1000,26950,26900,165523,1471
10:06,26950,1050,26950,26900,164052,94
10:05,26950,1050,27000,26950,163958,797
10:04,27050,1150,27000,26900,163161,3927
10:03,27000,1100,27050,27000,159234,632
10:02,27050,1150,27050,27000,158602,815
10:01,27050,1150,27050,27000,157787,1030
10:00,27050,1150,27050,27000,156757,1718
09:59,27000,1100,27050,27000,155039,11771
09:58,27000,1100,27000,26950,143268,1011
09:57,26950,1050,27000,26950,142257,3175
09:56,26950,1050,26950,26900,139082,2098
09:55,26900,1000,26950,26900,136984,92
09:54,26900,1000,26950,26900,136892,494
09:53,26950,1050,26950,26900,136398,2288
09:52,27000,1100,27000,26950,134110,2920
09:51,26900,1000,26950,26900,131190,240
09:50,26900,1000,26950,26900,130950,1939
09:49,26900,1000,26900,26800,129011,1268
09:48,26900,1000,26950,26850,127743,3558
09:47,27000,1100,27000,26950,124185,8055
09:46,26850,950,26850,26800,116130,447
09:45,26850,950,26850,26800,115683,1495
09:44,26850,950,26850,26800,114188,481
09:43,26850,950,26850,26800,113707,1160
09:42,26850,950,26850,26800,112547,5156
09:41,26800,900,26800,26750,107391,914
09:40,26800,900,26800,26750,106477,839
09:39,26800,900,26800,26750,105638,1701
09:38,26800,900,26850,26800,103937,2922
09:37,26750,850,26800,26750,101015,484
09:36,26750,850,26800,26750,100531,281
09:35,26800,900,26800,26750,100250,1210
09:34,26800,900,26800,26750,99040,492
09:33,26750,850,26800,26750,98548,329
09:32,26800,900,26800,26750,98219,2190
09:31,26750,850,26750,26700,96029,2402
09:30,26600,700,26650,26600,93627,1554
09:29,26600,700,26600,26500,92073,332
09:28,26600,700,26600,26550,91741,4688
09:27,26550,650,26600,26550,87053,2194
09:26,26600,700,26600,26550,84859,1036
09:25,26600,700,26650,26600,83823,353
09:24,26650,750,26650,26600,83470,794
09:23,26600,700,26700,26600,82676,1562
09:22,26700,800,26750,26700,81114,1275
09:21,26700,800,26750,26700,79839,1203
09:20,26750,850,26750,26700,78636,2303
09:19,26800,900,26800,26750,76333,1043
09:18,26800,900,26800,26750,75290,2605
09:17,26800,900,26850,26750,72685,1115
09:16,26850,950,26900,26850,71570,8699
09:15,26750,850,26750,26700,62871,1005
09:14,26700,800,26750,26700,61866,1202
09:13,26700,800,26700,26650,60664,3369
09:12,26750,850,26750,26700,57295,8680
09:11,26550,650,26600,26550,48615,2018
09:10,26600,700,26600,26550,46597,4439
09:09,26500,600,26550,26500,42158,1290
09:08,26500,600,26550,26450,40868,2782
09:07,26500,600,26500,26450,38086,2734
09:06,26500,600,26500,26450,35352,2913
09:05,26350,450,26400,26350,32439,1930
09:04,26450,550,26450,26400,30509,3418
09:03,26550,650,26600,26550,27091,1590
09:02,26550,650,26600,26550,25501,3059
09:01,26600,700,26600,26550,22442,9864
09:00,26650,750,26650,26550,12578,12578
