﻿체결시각,체결가,전일비,매도,매수,거래량,변동량
15:50,27750,1100,0,27750,217201,24
15:48,27750,1100,27750,0,217177,5
15:40,27750,1100,27750,0,217172,78
15:30,27750,1100,27800,27750,217094,1799
15:19,27750,1100,27750,27700,215295,918
15:18,27750,1100,27750,27700,214377,166
15:17,27750,1100,27750,27700,214211,9
15:16,27750,1100,27750,27700,214202,83
15:15,27750,1100,27750,27700,214119,175
15:14,27800,1150,27800,27750,213944,548
15:13,27850,1200,27900,27850,213396,57
15:12,27900,1250,27900,27850,213339,157
15:11,27850,1200,27850,27800,213182,49
15:10,27850,1200,27850,27800,213133,289
15:09,27850,1200,27850,27800,212844,578
15:08,27750,1100,27800,27700,212266,235
15:07,27750,1100,27750,27700,212031,112
15:06,27750,1100,27750,27700,211919,586
15:05,27700,1050,27700,27650,211333,221
15:04,27750,1100,27750,27700,211112,3
15:03,27700,1050,27750,27700,211109,22
15:02,27750,1100,27750,27700,211087,321
15:00,27700,1050,27750,27700,210766,28
14:59,27750,1100,27750,27650,210738,62
14:58,27700,1050,27700,27650,210676,20
14:57,27700,1050,27700,27650,210656,381
14:56,27750,1100,27750,27650,210275,50
14:55,27750,1100,27750,27650,210225,18
14:54,27750,1100,27750,27650,210207,9
14:53,27750,1100,27750,27650,210198,52
14:52,27750,1100,27750,27650,210146,9
14:51,27750,1100,27750,27650,210137,117
14:50,27650,1000,27750,27650,210020,153
14:49,27750,1100,27750,27650,209867,23
14:48,27750,1100,27750,27650,209844,532
14:47,27800,1150,27800,27650,209312,1907
14:46,27800,1150,27800,27750,207405,111
14:45,27800,1150,27800,27750,207294,9
14:44,27800,1150,27800,27750,207285,34
14:43,27800,1150,27800,27750,207251,9
14:42,27800,1150,27800,27750,207242,10
14:41,27800,1150,27800,27750,207232,12
14:40,27750,1100,27800,27750,207220,249
14:39,27750,1100,27800,27750,206971,129
14:38,27800,1150,27800,27750,206842,98
14:37,27800,1150,27800,27750,206744,23
14:36,27800,1150,27800,27750,206721,22
14:35,27800,1150,27850,27750,206699,46
14:34,27800,1150,27850,27750,206653,105
14:33,27850,1200,27850,27750,206548,164
14:32,27850,1200,27850,27800,206384,70
14:31,27850,1200,27850,27800,206314,9
14:30,27850,1200,27850,27800,206305,5
14:29,27850,1200,27850,27800,206300,31
14:28,27850,1200,27850,27800,206269,10
14:27,27850,1200,27850,27800,206259,20
14:26,27850,1200,27850,27800,206239,58
14:25,27850,1200,27850,27800,206181,63
14:24,27850,1200,27850,27800,206118,10
14:23,27850,1200,27850,27800,206108,5
14:22,27850,1200,27850,27800,206103,10
14:21,27850,1200,27850,27800,206093,26
14:20,27850,1200,27850,27800,206067,39
14:19,27850,1200,27850,27800,206028,15
14:18,27850,1200,27850,27800,206013,93
14:17,27800,1150,27800,27750,205920,13
14:16,27800,1150,27800,27750,205907,40
14:15,27800,1150,27800,27750,205867,13
14:14,27750,1100,27750,27700,205854,642
14:13,27650,1000,27700,27650,205212,27
14:12,27700,1050,27700,27650,205185,183
14:11,27700,1050,27700,27650,205002,829
14:10,27600,950,27650,27600,204173,328
14:09,27700,1050,27700,27600,203845,1107
14:08,27750,1100,27750,27700,202738,9
14:07,27750,1100,27750,27700,202729,39
14:06,27750,1100,27750,27700,202690,12
14:05,27750,1100,27750,27700,202678,229
14:04,27750,1100,27750,27700,202449,10
14:03,27750,1100,27750,27700,202439,111
14:02,27750,1100,27750,27700,202328,10
14:01,27750,1100,27750,27700,202318,90
14:00,27700,1050,27700,27650,202228,553
13:59,27750,1100,27750,27700,201675,415
13:58,27700,1050,27750,27700,201260,197
13:57,27800,1150,27800,27750,201063,9
13:56,27800,1150,27800,27750,201054,10
13:55,27800,1150,27800,27750,201044,10
13:54,27800,1150,27800,27750,201034,5
13:53,27800,1150,27800,27750,201029,34
13:52,27800,1150,27800,27750,200995,66
13:51,27750,1100,27800,27750,200929,489
13:50,27800,1150,27800,27750,200440,75
13:49,27800,1150,27800,27750,200365,15
13:48,27800,1150,27800,27750,200350,12
13:47,27800,1150,27850,27800,200338,335
13:46,27850,1200,27850,27800,200003,10
13:45,27850,1200,27850,27800,199993,96
13:44,27850,1200,27850,27800,199897,31
13:43,27850,1200,27850,27800,199866,10
13:42,27900,1250,27900,27800,199856,156
13:41,27850,1200,27900,27850,199700,191
13:40,27900,1250,27950,27900,199509,38
13:39,27950,1300,27950,27900,199471,25
13:38,27950,1300,27950,27900,199446,33
13:37,27950,1300,27950,27850,199413,81
13:36,28000,1350,28000,27850,199332,96
13:35,27950,1300,27950,27850,199236,14
13:34,27950,1300,27950,27850,199222,41
13:33,27950,1300,27950,27850,199181,34
13:32,27950,1300,27950,27850,199147,218
13:31,27900,1250,27900,27850,198929,10
13:30,27950,1300,27950,27850,198919,241
13:29,27950,1300,27950,27850,198678,45
13:28,27850,1200,27950,27850,198633,91
13:27,27950,1300,27950,27850,198542,9
13:26,27850,1200,27950,27850,198533,121
13:25,27950,1300,27950,27850,198412,54
13:24,27950,1300,27950,27850,198358,12
13:23,27950,1300,27950,27850,198346,31
13:22,27900,1250,27900,27850,198315,19
13:21,27900,1250,27900,27850,198296,19
13:20,27900,1250,27900,27850,198277,10
13:19,27850,1200,27900,27850,198267,11
13:18,27900,1250,27900,27850,198256,10
13:17,27900,1250,27900,27800,198246,62
13:16,27950,1300,27950,27800,198184,1434
13:15,27850,1200,27850,27750,196750,5829
13:14,28050,1400,28050,28000,190921,62
13:13,28000,1350,28000,27950,190859,9
13:12,28000,1350,28000,27950,190850,10
13:11,28000,1350,28000,27900,190840,9
13:10,28000,1350,28000,27900,190831,32
13:09,28000,1350,28000,27900,190799,295
13:08,27850,1200,28050,27900,190504,453
13:07,28050,1400,28050,27900,190051,9
13:06,28050,1400,28050,27900,190042,10
13:05,27900,1250,28050,27900,190032,59
13:04,28000,1350,28000,27950,189973,6
13:03,28050,1400,28000,27900,189967,202
13:02,28100,1450,28100,28000,189765,70
13:01,28050,1400,28050,28000,189695,89
13:00,28050,1400,28050,27950,189606,10
12:59,28050,1400,28050,27950,189596,46
12:58,28050,1400,28050,27950,189550,9
12:57,28050,1400,28050,27950,189541,17
12:56,28050,1400,28050,27950,189524,4
12:55,28000,1350,28000,27900,189520,37
12:54,28000,1350,28000,27900,189483,24
12:53,28000,1350,28000,27900,189459,16
12:52,28000,1350,28000,27900,189443,357
12:51,28050,1400,28050,27950,189086,17
12:50,28050,1400,28050,27950,189069,39
12:49,28050,1400,28050,28000,189030,16
12:48,28100,1450,28100,28000,189014,9
12:47,28100,1450,28100,28000,189005,10
12:46,28100,1450,28100,28000,188995,806
12:45,28100,1450,28100,28000,188189,10
12:44,28100,1450,28100,28000,188179,9
12:43,28000,1350,28100,28000,188170,18
12:42,28100,1450,28100,28000,188152,5
12:41,28100,1450,28100,28000,188147,13
12:40,28100,1450,28150,28050,188134,30
12:39,28150,1500,28150,28100,188104,69
12:38,28100,1450,28100,28000,188035,10
12:37,28100,1450,28100,28000,188025,12
12:36,28100,1450,28100,28000,188013,20
12:35,28000,1350,28100,28000,187993,253
12:34,28100,1450,28100,28000,187740,18
12:33,28100,1450,28100,28050,187722,54
12:32,28050,1400,28050,28000,187668,134
12:31,28050,1400,28100,28050,187534,166
12:30,28050,1400,28100,28050,187368,121
12:29,28100,1450,28100,28050,187247,88
12:28,28150,1500,28150,28050,187159,5
12:27,28150,1500,28150,28050,187154,174
12:26,28150,1500,28150,28050,186980,10
12:25,28150,1500,28150,28050,186970,43
12:24,28100,1450,28200,28100,186927,33
12:23,28200,1550,28200,28100,186894,23
12:22,28150,1500,28150,28100,186871,22
12:21,28100,1450,28200,28100,186849,102
12:20,28200,1550,28200,28100,186747,9
12:19,28200,1550,28200,28100,186738,17
12:18,28200,1550,28200,28100,186721,19
12:17,28200,1550,28200,28100,186702,40
12:16,28200,1550,28200,28100,186662,21
12:15,28200,1550,28200,28100,186641,78
12:14,28150,1500,28200,28100,186563,1432
12:13,28150,1500,28150,28100,185131,25
12:12,28250,1600,28250,28100,185106,332
12:11,28200,1550,28250,28200,184774,964
12:10,28050,1400,28050,28000,183810,127
12:09,28000,1350,28000,27950,183683,29
12:08,28000,1350,28000,27950,183654,21
12:07,28000,1350,28000,27950,183633,19
12:06,27950,1300,28000,27950,183614,41
12:05,28000,1350,28000,27950,183573,13
12:04,28000,1350,28000,27950,183560,11
12:03,28000,1350,28000,27950,183549,10
12:02,28000,1350,28000,27950,183539,12
12:01,28050,1400,28050,27950,183527,9
12:00,28050,1400,28050,27950,183518,15
11:59,27950,1300,28050,27950,183503,108
11:58,28050,1400,28050,27950,183395,9
11:57,28050,1400,28050,27950,183386,43
11:56,28100,1450,28100,27950,183343,510
11:55,28100,1450,28100,28000,182833,106
11:54,28100,1450,28100,28000,182727,20
11:53,28050,1400,28050,28000,182707,26
11:52,28100,1450,28100,27950,182681,159
11:51,27950,1300,28050,27950,182522,50
11:50,28050,1400,28050,27950,182472,221
11:49,28050,1400,28050,27950,182251,365
11:48,28000,1350,28000,27950,181886,58
11:47,28000,1350,28000,27950,181828,126
11:46,28000,1350,28000,27950,181702,27
11:45,27950,1300,28000,27950,181675,33
11:44,27950,1300,28000,27950,181642,25
11:43,28000,1350,28000,27950,181617,16
11:42,28000,1350,28000,27950,181601,266
11:41,28000,1350,28000,27950,181335,61
11:40,27950,1300,27950,27900,181274,10
11:39,27950,1300,27950,27900,181264,65
11:38,27900,1250,27900,27850,181199,10
11:37,27900,1250,27900,27850,181189,5
11:36,27900,1250,27900,27850,181184,22
11:35,27950,1300,28000,27900,181162,494
11:34,27900,1250,27900,27750,180668,63
11:33,27950,1300,28050,27800,180605,5544
11:32,27850,1200,27850,27750,175061,92
11:31,27950,1300,27950,27800,174969,232
11:30,27800,1150,27800,27750,174737,2378
11:29,27900,1250,27900,27800,172359,17
11:28,27750,1100,27900,27750,172342,24
11:27,27900,1250,27900,27800,172318,12
11:26,27900,1250,27900,27800,172306,51
11:25,27900,1250,27900,27800,172255,11
11:24,27800,1150,27900,27750,172244,303
11:23,27900,1250,27900,27850,171941,45
11:22,27950,1300,27950,27850,171896,393
11:21,27950,1300,27950,27900,171503,33
11:20,27950,1300,27950,27900,171470,9
11:19,28050,1400,28050,27850,171461,1816
11:18,28000,1350,28000,27800,169645,312
11:17,28000,1350,28000,27900,169333,513
11:16,27900,1250,27900,27800,168820,11
11:15,27950,1300,27950,27800,168809,5
11:14,27950,1300,27900,27800,168804,206
11:13,27900,1250,27900,27800,168598,19
11:12,27850,1200,27850,27800,168579,10
11:11,27850,1200,27850,27750,168569,626
11:10,27850,1200,27900,27850,167943,12
11:09,27900,1250,27900,27850,167931,9
11:08,27900,1250,27900,27850,167922,5
11:07,27950,1300,27950,27850,167917,220
11:06,27900,1250,27950,27900,167697,87
11:05,27900,1250,27950,27900,167610,84
11:04,27950,1300,27950,27900,167526,117
11:03,27900,1250,27900,27850,167409,42
11:02,27850,1200,27900,27850,167367,256
11:01,27850,1200,27900,27850,167111,116
11:00,27900,1250,27900,27850,166995,38
10:59,27850,1200,27950,27850,166957,235
10:58,28000,1350,28000,27950,166722,10
10:57,28000,1350,28000,27950,166712,21
10:56,28050,1400,28050,28000,166691,17
10:55,27950,1300,28100,27950,166674,293
10:54,28050,1400,28100,28000,166381,44
10:53,28100,1450,28100,28000,166337,641
10:52,28050,1400,28050,28000,165696,287
10:51,28000,1350,28000,27950,165409,506
10:50,27950,1300,28000,27950,164903,876
10:49,28000,1350,28000,27900,164027,713
10:48,27900,1250,27950,27900,163314,703
10:47,27850,1200,27850,27800,162611,331
10:46,27900,1250,27900,27800,162280,42
10:45,27900,1250,27900,27800,162238,211
10:44,27900,1250,27900,27750,162027,1645
10:43,27800,1150,27900,27800,160382,3447
10:42,27850,1200,27950,27850,156935,79
10:41,27950,1300,27950,27850,156856,69
10:40,27900,1250,27950,27850,156787,131
10:39,27950,1300,27950,27850,156656,968
10:38,27900,1250,27950,27900,155688,40
10:37,28000,1350,28000,27900,155648,150
10:36,28000,1350,28000,27900,155498,152
10:35,27950,1300,27950,27850,155346,1528
10:34,28000,1350,28000,27900,153818,1153
10:33,28000,1350,28000,27950,152665,430
10:32,28050,1400,28050,28000,152235,6
10:31,28050,1400,28050,28000,152229,67
10:30,28050,1400,28050,27950,152162,854
10:29,28000,1350,28050,27950,151308,244
10:28,28050,1400,28050,28000,151064,60
10:27,28000,1350,28050,28000,151004,457
10:26,28000,1350,28200,28000,150547,1298
10:25,28100,1450,28200,28100,149249,246
10:24,28200,1550,28200,28150,149003,197
10:23,28200,1550,28250,28150,148806,52
10:22,28100,1450,28250,28150,148754,48
10:21,28250,1600,28300,28100,148706,506
10:20,28100,1450,28200,28100,148200,1217
10:19,28250,1600,28300,28250,146983,1100
10:18,28200,1550,28300,28200,145883,201
10:17,28350,1700,28250,28200,145682,5332
10:16,28600,1950,28600,28550,140350,2208
10:15,28500,1850,28500,28450,138142,30
10:14,28500,1850,28550,28500,138112,1451
10:13,28300,1650,28400,28300,136661,126
10:12,28350,1700,28350,28250,136535,625
10:11,28200,1550,28300,28200,135910,109
10:10,28250,1600,28250,28150,135801,533
10:09,28250,1600,28250,28200,135268,154
10:08,28300,1650,28300,28200,135114,16
10:07,28250,1600,28300,28150,135098,327
10:06,28250,1600,28300,28250,134771,136
10:05,28150,1500,28350,28200,134635,502
10:04,28300,1650,28300,28250,134133,171
10:03,28150,1500,28250,28150,133962,980
10:02,28200,1550,28250,28150,132982,1253
10:01,28400,1750,28400,28250,131729,190
10:00,28250,1600,28400,28250,131539,2710
09:59,28500,1850,28550,28500,128829,813
09:58,28500,1850,28550,28500,128016,342
09:57,28500,1850,28550,28500,127674,663
09:56,28500,1850,28550,28500,127011,503
09:55,28550,1900,28550,28500,126508,307
09:54,28550,1900,28550,28500,126201,391
09:53,28650,2000,28700,28650,125810,4182
09:52,28400,1750,28400,28350,121628,417
09:51,28400,1750,28400,28350,121211,599
09:50,28400,1750,28400,28350,120612,1147
09:49,28300,1650,28350,28250,119465,599
09:48,28350,1700,28350,28250,118866,862
09:47,28200,1550,28250,28200,118004,2997
09:46,28350,1700,28400,28350,115007,2781
09:45,28450,1800,28500,28450,112226,1370
09:44,28400,1750,28450,28400,110856,5200
09:43,28500,1850,28500,28450,105656,17494
09:42,28600,1950,28600,28550,88162,3611
09:41,28500,1850,28500,28450,84551,12206
09:40,28300,1650,28350,28250,72345,3422
09:39,28350,1700,28350,28300,68923,6499
09:38,28250,1600,28250,28200,62424,3442
09:37,28100,1450,28150,28100,58982,7827
09:36,28000,1350,28050,28000,51155,2472
09:35,27900,1250,27900,27850,48683,2416
09:34,27850,1200,28050,27850,46267,8593
09:33,27750,1100,27800,27750,37674,11841
09:32,27350,700,27400,27350,25833,288
09:31,27350,700,27400,27350,25545,202
09:30,27300,650,27350,27300,25343,1239
09:29,27300,650,27300,27200,24104,9
09:28,27300,650,27300,27250,24095,1226
09:27,27250,600,27250,27200,22869,287
09:26,27200,550,27200,27100,22582,153
09:25,27100,450,27200,27100,22429,31
09:24,27200,550,27200,27100,22398,327
09:23,27200,550,27200,27100,22071,38
09:22,27200,550,27250,27100,22033,15
09:21,27200,550,27200,27100,22018,116
09:20,27200,550,27200,27050,21902,4
09:19,27000,350,27150,27000,21898,400
09:18,27250,600,27250,27150,21498,35
09:17,27250,600,27250,27200,21463,579
09:16,27250,600,27250,27200,20884,626
09:15,27250,600,27350,27250,20258,32
09:13,27300,650,27350,27250,20226,338
09:12,27300,650,27300,27200,19888,26
09:11,27250,600,27500,27300,19862,5795
09:10,27300,650,27300,27250,14067,420
09:09,27100,450,27100,27050,13647,572
09:08,27200,550,27250,27050,13075,553
09:07,27250,600,27250,27100,12522,651
09:06,27250,600,27300,27100,11871,1507
09:05,27150,500,27100,27050,10364,704
09:04,27100,450,27100,26900,9660,1218
09:03,27000,350,27050,26900,8442,1467
09:02,26900,250,27000,26900,6975,265
09:01,26950,300,27000,26750,6710,2564
09:00,26650,0,26800,26500,4146,4146
