﻿체결시각,체결가,전일비,매도,매수,거래량,변동량
15:58,22000,3200,22000,0,196853,5
15:56,22000,3200,22000,0,196848,38
15:55,22000,3200,22000,0,196810,4
15:53,22000,3200,22000,0,196806,12
15:52,22000,3200,22000,0,196794,10
15:47,22000,3200,22000,0,196784,50
15:40,22000,3200,22000,0,196734,142
15:30,22000,3200,22050,22000,196592,2131
15:19,21850,3350,21950,21850,194461,1735
15:18,22050,3150,22050,22000,192726,339
15:17,22000,3200,22050,22000,192387,427
15:16,22050,3150,22100,21800,191960,2269
15:15,21750,3450,21750,21650,189691,1925
15:14,21750,3450,21850,21750,187766,922
15:13,21800,3400,21850,21750,186844,1935
15:12,21800,3400,21800,21750,184909,597
15:11,21800,3400,21800,21750,184312,187
15:10,21800,3400,21800,21650,184125,1041
15:09,21800,3400,21800,21700,183084,610
15:08,21700,3500,21850,21700,182474,454
15:07,21750,3450,21900,21750,182020,193
15:06,21850,3350,21950,21850,181827,182
15:05,21900,3300,22000,21900,181645,595
15:04,21950,3250,22000,21950,181050,1306
15:03,22250,2950,22400,22200,179744,200
15:02,22200,3000,22350,22100,179544,267
15:01,22000,3200,22100,21950,179277,1294
15:00,21850,3350,21900,21850,177983,1093
14:59,21800,3400,21850,21650,176890,697
14:58,21600,3600,21700,21600,176193,891
14:57,21450,3750,21550,21400,175302,1616
14:56,21350,3850,21450,21350,173686,765
14:55,21400,3800,21400,21350,172921,697
14:54,21350,3850,21400,21350,172224,1461
14:53,21450,3750,21500,21450,170763,1567
14:52,21400,3800,21400,21300,169196,2893
14:51,21500,3700,21600,21500,166303,2273
14:50,21650,3550,21700,21650,164030,2739
14:49,21650,3550,21800,21650,161291,3769
14:48,21950,3250,22050,21950,157522,2727
14:47,22150,3050,22200,22150,154795,1252
14:46,22250,2950,22250,22200,153543,570
14:45,22200,3000,22350,22200,152973,1988
14:44,22400,2800,22500,22400,150985,5556
14:14,22600,2600,22600,22550,145429,5
14:13,22550,2650,22600,22550,145424,255
14:12,22600,2600,22600,22550,145169,204
14:11,22550,2650,22650,22600,144965,184
14:10,22600,2600,22650,22600,144781,227
14:09,22650,2550,22650,22600,144554,978
14:08,22650,2550,22700,22650,143576,121
14:07,22650,2550,22700,22650,143455,1110
14:06,22700,2500,22750,22700,142345,99
14:05,22700,2500,22750,22700,142246,222
14:04,22700,2500,22750,22700,142024,11
14:03,22750,2450,22750,22700,142013,86
14:02,22650,2550,22750,22650,141927,1417
14:01,22700,2500,22800,22700,140510,379
14:00,22750,2450,22800,22750,140131,305
13:59,22750,2450,22800,22750,139826,70
13:58,22700,2500,22850,22700,139756,200
13:57,22700,2500,22750,22700,139556,3337
13:56,22800,2400,22850,22800,136219,1241
13:55,22850,2350,22900,22850,134978,213
13:54,22850,2350,22900,22850,134765,63
13:53,22900,2300,22900,22850,134702,195
13:52,22800,2400,22850,22800,134507,792
13:51,22850,2350,22900,22850,133715,139
13:50,22850,2350,22900,22850,133576,352
13:49,22850,2350,22900,22850,133224,110
13:48,22900,2300,22900,22850,133114,924
13:47,22850,2350,22900,22850,132190,1228
13:46,22900,2300,22950,22850,130962,397
13:45,22950,2250,22950,22900,130565,174
13:44,22900,2300,23000,22900,130391,1310
13:43,22950,2250,23000,22950,129081,170
13:42,22950,2250,23000,22950,128911,103
13:41,22950,2250,23000,22950,128808,48
13:40,22950,2250,23000,22950,128760,579
13:39,22950,2250,23000,22950,128181,312
13:38,22950,2250,23000,22950,127869,37
13:37,23000,2200,23050,23000,127832,2139
13:36,23000,2200,23050,23000,125693,179
13:35,23050,2150,23050,23000,125514,88
13:34,23000,2200,23050,23000,125426,648
13:33,23050,2150,23100,23050,124778,130
13:32,23050,2150,23100,23050,124648,57
13:31,23100,2100,23100,23050,124591,75
13:30,23050,2150,23100,23050,124516,95
13:29,23050,2150,23100,23050,124421,157
13:28,23050,2150,23150,23050,124264,48
13:27,23100,2100,23100,23050,124216,65
13:26,23050,2150,23150,23050,124151,330
13:25,23050,2150,23100,23050,123821,449
13:24,23000,2200,23050,23000,123372,2646
13:23,23050,2150,23100,23050,120726,60
13:22,23050,2150,23100,23050,120666,78
13:21,23100,2100,23100,23050,120588,91
13:20,23050,2150,23100,23050,120497,58
13:19,23050,2150,23100,23050,120439,192
13:18,23100,2100,23150,23100,120247,36
13:17,23100,2100,23150,23100,120211,73
13:16,23100,2100,23150,23100,120138,177
13:15,23100,2100,23150,23100,119961,243
13:14,23100,2100,23150,23100,119718,97
13:13,23100,2100,23150,23100,119621,113
13:12,23100,2100,23150,23100,119508,1724
13:11,23100,2100,23200,23100,117784,214
13:10,23100,2100,23150,23100,117570,155
13:09,23100,2100,23150,23100,117415,94
13:08,23100,2100,23150,23100,117321,269
13:07,23100,2100,23150,23100,117052,259
13:06,23100,2100,23150,23100,116793,975
13:05,23050,2150,23100,23050,115818,39
13:04,23050,2150,23100,23050,115779,77
13:03,23050,2150,23100,23050,115702,59
13:02,23050,2150,23100,23050,115643,205
13:01,23050,2150,23100,23050,115438,452
13:00,23100,2100,23150,23100,114986,40
12:59,23100,2100,23150,23100,114946,166
12:58,23100,2100,23150,23100,114780,166
12:57,23100,2100,23150,23100,114614,336
12:56,23150,2050,23200,23150,114278,87
12:55,23150,2050,23200,23150,114191,82
12:54,23050,2150,23150,23050,114109,209
12:53,23100,2100,23150,23100,113900,82
12:52,23200,2000,23250,23100,113818,274
12:51,23050,2150,23100,23050,113544,358
12:50,23100,2100,23150,23100,113186,165
12:49,23100,2100,23150,23100,113021,93
12:48,23100,2100,23150,23100,112928,190
12:47,23100,2100,23150,23100,112738,45
12:46,23100,2100,23150,23100,112693,58
12:45,23100,2100,23150,23100,112635,143
12:44,23100,2100,23150,23100,112492,43
12:43,23100,2100,23150,23100,112449,87
12:42,23100,2100,23150,23100,112362,121
12:41,23100,2100,23150,23100,112241,160
12:40,23100,2100,23150,23100,112081,83
12:39,23150,2050,23150,23100,111998,75
12:38,23100,2100,23150,23100,111923,289
12:37,23150,2050,23200,23150,111634,23
12:36,23150,2050,23150,23100,111611,68
12:35,23150,2050,23200,23150,111543,146
12:34,23100,2100,23150,23100,111397,62
12:33,23150,2050,23200,23100,111335,74
12:32,23100,2100,23150,23100,111261,52
12:31,23100,2100,23200,23100,111209,69
12:30,23100,2100,23150,23100,111140,90
12:29,23100,2100,23200,23100,111050,130
12:28,23150,2050,23200,23150,110920,41
12:27,23150,2050,23250,23150,110879,67
12:26,23150,2050,23200,23150,110812,44
12:25,23150,2050,23200,23150,110768,73
12:24,23150,2050,23250,23150,110695,80
12:23,23150,2050,23200,23150,110615,60
12:22,23150,2050,23150,23100,110555,72
12:21,23100,2100,23200,23100,110483,122
12:20,23100,2100,23150,23100,110361,244
12:19,23100,2100,23150,23100,110117,114
12:18,23100,2100,23150,23100,110003,86
12:17,23100,2100,23150,23100,109917,72
12:16,23150,2050,23150,23100,109845,227
12:15,23150,2050,23150,23100,109618,118
12:14,23100,2100,23150,23100,109500,37
12:13,23100,2100,23150,23100,109463,77
12:12,23100,2100,23150,23100,109386,60
12:11,23100,2100,23150,23100,109326,52
12:10,23150,2050,23150,23100,109274,783
12:09,23100,2100,23200,23100,108491,197
12:08,23150,2050,23150,23100,108294,90
12:07,23100,2100,23150,23100,108204,272
12:06,23100,2100,23150,23100,107932,52
12:05,23150,2050,23200,23150,107880,37
12:04,23150,2050,23200,23100,107843,86
12:03,23100,2100,23150,23100,107757,627
12:02,23150,2050,23150,23100,107130,492
12:01,23150,2050,23200,23150,106638,138
12:00,23150,2050,23200,23150,106500,40
11:59,23150,2050,23200,23150,106460,1867
11:58,23150,2050,23250,23150,104593,1062
11:57,23150,2050,23200,23150,103531,114
11:56,23200,2000,23200,23100,103417,624
11:55,23150,2050,23200,23150,102793,70
11:54,23200,2000,23300,23200,102723,163
11:53,23150,2050,23200,23150,102560,408
11:52,23150,2050,23200,23150,102152,90
11:51,23150,2050,23200,23150,102062,139
11:50,23200,2000,23200,23150,101923,482
11:49,23150,2050,23200,23150,101441,92
11:48,23150,2050,23250,23150,101349,70
11:47,23200,2000,23250,23200,101279,36
11:46,23150,2050,23300,23150,101243,66
11:45,23150,2050,23250,23150,101177,342
11:44,23150,2050,23250,23150,100835,220
11:43,23150,2050,23200,23150,100615,172
11:42,23150,2050,23250,23150,100443,486
11:41,23250,1950,23300,23250,99957,120
11:40,23300,1900,23350,23300,99837,56
11:39,23350,1850,23350,23300,99781,392
11:38,23300,1900,23450,23300,99389,46
11:37,23450,1750,23500,23350,99343,109
11:36,23300,1900,23350,23300,99234,53
11:35,23350,1850,23500,23350,99181,170
11:34,23500,1700,23500,23300,99011,237
11:33,23300,1900,23350,23300,98774,26
11:32,23300,1900,23350,23300,98748,83
11:31,23350,1850,23350,23300,98665,414
11:30,23350,1850,23400,23350,98251,106
11:29,23350,1850,23400,23350,98145,237
11:28,23400,1800,23400,23300,97908,87
11:27,23250,1950,23350,23250,97821,43
11:26,23200,2000,23300,23200,97778,836
11:25,23200,2000,23250,23200,96942,57
11:24,23200,2000,23250,23200,96885,51
11:23,23150,2050,23200,23150,96834,406
11:22,23150,2050,23150,23100,96428,164
11:21,23150,2050,23250,23150,96264,89
11:20,23100,2100,23150,23100,96175,2021
11:19,23200,2000,23250,23150,94154,181
11:18,23150,2050,23200,23150,93973,68
11:17,23150,2050,23200,23150,93905,114
11:16,23100,2100,23150,23100,93791,995
11:15,23100,2100,23150,23100,92796,55
11:14,23100,2100,23200,23100,92741,321
11:13,23150,2050,23200,23150,92420,146
11:12,23200,2000,23200,23150,92274,45
11:11,23150,2050,23150,23100,92229,1994
11:10,23150,2050,23200,23150,90235,138
11:09,23100,2100,23150,23100,90097,334
11:08,23150,2050,23200,23150,89763,296
11:07,23150,2050,23150,23100,89467,975
11:06,23150,2050,23150,23100,88492,1594
11:05,23150,2050,23200,23150,86898,224
11:04,23150,2050,23200,23150,86674,526
11:03,23250,1950,23250,23200,86148,1103
11:02,23200,2000,23250,23200,85045,540
11:01,23250,1950,23300,23250,84505,121
11:00,23300,1900,23300,23250,84384,51
10:59,23250,1950,23300,23250,84333,3625
10:58,23300,1900,23350,23300,80708,237
10:57,23350,1850,23400,23350,80471,259
10:56,23350,1850,23400,23350,80212,97
10:55,23300,1900,23350,23300,80115,104
10:54,23350,1850,23400,23350,80011,63
10:53,23350,1850,23350,23300,79948,1120
10:52,23350,1850,23400,23350,78828,68
10:51,23400,1800,23450,23400,78760,344
10:50,23400,1800,23450,23400,78416,3837
10:49,23500,1700,23550,23500,74579,54
10:48,23500,1700,23550,23500,74525,621
10:47,23450,1750,23500,23450,73904,24
10:46,23450,1750,23500,23450,73880,584
10:45,23500,1700,23550,23500,73296,164
10:44,23600,1600,23650,23550,73132,104
10:43,23600,1600,23700,23600,73028,41
10:42,23650,1550,23700,23650,72987,44
10:41,23650,1550,23650,23600,72943,5
10:40,23650,1550,23700,23650,72938,39
10:39,23650,1550,23650,23600,72899,20
10:37,23600,1600,23600,23500,72879,365
10:36,23500,1700,23500,23450,72514,115
10:34,23450,1750,23550,23450,72399,160
10:33,23450,1750,23550,23450,72239,100
10:32,23550,1650,23600,23450,72139,200
10:30,23450,1750,23550,23450,71939,800
10:28,23550,1650,23550,23500,71139,19
10:27,23550,1650,23550,23500,71120,8
10:26,23550,1650,23550,23500,71112,17
10:25,23450,1750,23550,23450,71095,509
10:24,23500,1700,23500,23450,70586,541
10:23,23500,1700,23600,23500,70045,86
10:22,23550,1650,23550,23500,69959,17
10:21,23500,1700,23600,23500,69942,140
10:20,23550,1650,23550,23500,69802,1
10:19,23500,1700,23550,23500,69801,501
10:18,23500,1700,23550,23450,69300,1683
10:17,23500,1700,23550,23500,67617,1536
10:16,23500,1700,23500,23450,66081,104
10:14,23450,1750,23500,23450,65977,208
10:13,23450,1750,23500,23400,65769,1798
10:12,23500,1700,23550,23500,63971,286
10:11,23550,1650,23550,23500,63685,3044
10:10,23700,1500,23750,23650,60641,31
10:09,23700,1500,23700,23600,60610,1474
10:08,23700,1500,23700,23650,59136,449
10:07,23750,1450,23750,23700,58687,362
10:05,23850,1350,23850,23700,58325,3
10:04,23850,1350,23850,23700,58322,119
10:03,23800,1400,23800,23700,58203,2104
10:02,23800,1400,23850,23700,56099,15
10:01,23900,1300,23900,23700,56084,104
09:59,23750,1450,23750,23650,55980,108
09:58,23750,1450,23750,23650,55872,2
09:57,23750,1450,23750,23650,55870,406
09:56,23750,1450,23750,23650,55464,152
09:55,23750,1450,23750,23650,55312,88
09:54,23600,1600,23650,23600,55224,205
09:53,23600,1600,23750,23600,55019,29
09:52,23600,1600,23750,23600,54990,163
09:51,23700,1500,23750,23600,54827,332
09:50,23650,1550,23650,23600,54495,726
09:49,23650,1550,23700,23600,53769,280
09:48,23650,1550,23650,23600,53489,22
09:47,23650,1550,23700,23650,53467,279
09:46,23650,1550,23900,23700,53188,2294
09:45,23900,1300,23900,23750,50894,1
09:44,23900,1300,23900,23750,50893,13
09:43,23900,1300,23900,23750,50880,72
09:42,23850,1350,23850,23750,50808,81
09:41,23850,1350,23900,23850,50727,289
09:40,23800,1400,23900,23800,50438,269
09:38,23850,1350,23900,23800,50169,344
09:37,23850,1350,23950,23850,49825,620
09:36,23950,1250,23950,23900,49205,103
09:35,23950,1250,23950,23900,49102,5
09:34,23950,1250,23950,23900,49097,56
09:33,23850,1350,23900,23850,49041,153
09:32,23850,1350,23900,23750,48888,743
09:31,23950,1250,23950,23850,48145,169
09:30,23800,1400,23950,23800,47976,319
09:29,23850,1350,24000,23900,47657,11
09:28,23900,1300,23950,23850,47646,938
09:27,23700,1500,23850,23700,46708,11
09:26,23700,1500,23850,23700,46697,116
09:25,23700,1500,23750,23650,46581,1226
09:24,23650,1550,23650,23600,45355,261
09:23,23650,1550,23650,23600,45094,295
09:22,23550,1650,23550,23500,44799,1258
09:21,23600,1600,23600,23550,43541,153
09:20,23600,1600,23600,23550,43388,524
09:19,23500,1700,23550,23500,42864,497
09:18,23500,1700,23550,23500,42367,2309
09:17,23550,1650,23650,23550,40058,569
09:16,23600,1600,23650,23550,39489,1072
09:15,23700,1500,23700,23600,38417,829
09:14,23600,1600,23850,23600,37588,226
09:13,23600,1600,23600,23500,37362,6936
09:12,23750,1450,23850,23800,30426,2807
09:11,23850,1350,23900,23850,27619,4545
09:10,23850,1350,23950,23900,23074,2867
09:09,23800,1400,23800,23750,20207,2429
09:08,23850,1350,23950,23850,17778,3666
09:07,24000,1200,24100,24000,14112,2183
09:06,24050,1150,24150,24000,11929,1860
09:05,24100,1100,24250,24100,10069,441
09:04,24250,950,24250,24150,9628,1503
09:03,24150,1050,24150,24100,8125,2483
09:02,24050,1150,24200,24100,5642,2781
09:01,24400,800,24500,24350,2861,1814
09:00,24550,650,24550,24500,1047,1047
